"タイトル","コメント","URLアドレス","座標","詳細情報","親リスト","一覧抽出方法"
"伊吹山","1 いぶきやま伊吹山滋賀県1,377.3地理院地図Googleマップ北緯35度25分04秒東経136度24分23秒﻿ / ﻿北緯35.417836度 東経136.406346度﻿ / 35.417836; 136.406346﻿ (伊吹山)日本百名山新・花の百名山一等三角点百名山東海の百山近畿百名山滋賀県最高峰一等三角点伊吹山ドライブウェイ住友大阪セメント伊吹鉱山","https://ja.wikipedia.org/wiki/伊吹山","北緯35度25分04秒東経136度24分23秒","標高: 1,377.31[1]m;所在地: 日本滋賀県米原市岐阜県揖斐郡揖斐川町、不破郡関ケ原町;位置: 北緯35度25分04秒東経136度24分23秒座標: 北緯35度25分04秒 東経136度24分23秒[2];山系: 伊吹山地[2];種類: 堆積岩（石灰岩）;最高気温記録 °C（°F）: 9.9(49.8);平均最高気温 °C（°F）: −2.8(27);平均最低気温 °C（°F）: −7.4(18.7);最低気温記録 °C（°F）: −16.3(2.7);降水量mm （inch）: -","関西百名山#近畿百名山","表形式"
"横山岳","2 よこやまだけ横山岳滋賀県1,131.7地理院地図Googleマップ北緯35度36分06秒東経136度15分42秒﻿ / ﻿北緯35.601552度 東経136.261627度﻿ / 35.601552; 136.261627﻿ (横山岳)近畿百名山「横山岳から望む琵琶湖と余呉湖」が長浜市の景観「ながはま百景」の一つに選定","https://ja.wikipedia.org/wiki/横山岳","北緯35度36分05.5865秒東経136度15分41.8577秒","標高: 1,131.69[注釈 1][1]m;所在地: 日本滋賀県長浜市;位置: 北緯35度36分05.5865秒東経136度15分41.8577秒座標: 北緯35度36分05.5865秒 東経136度15分41.8577秒[1];山系: 伊吹山地[2][注釈 2][3]","関西百名山#近畿百名山","表形式"
"七々頭ヶ岳 (存在しないページ)","3 画 像 募 集 中ななずがだけ七七頭ヶ岳滋賀県693.1地理院地図Googleマップ北緯35度35分11秒東経136度13分02秒﻿ / ﻿北緯35.586262度 東経136.217316度﻿ / 35.586262; 136.217316﻿ (七七頭ヶ岳)七々頭ヶ岳","https://ja.wikipedia.org/w/index.php?title=七々頭ヶ岳&amp;action=edit&amp;redlink=1","","","関西百名山#近畿百名山","表形式"
"金糞岳","4 かなくそだけ金糞岳岐阜県滋賀県1,317地理院地図Googleマップ北緯35度33分01秒東経136度20分14秒﻿ / ﻿北緯35.550159度 東経136.337194度﻿ / 35.550159; 136.337194﻿ (金糞岳)近畿百名山滋賀県の第二高峰","https://ja.wikipedia.org/wiki/金糞岳","北緯35度33分00秒東経136度20分14秒","標高: 1,317[1]m;所在地: 滋賀県長浜市岐阜県揖斐郡揖斐川町;位置: 北緯35度33分00秒東経136度20分14秒座標: 北緯35度33分00秒 東経136度20分14秒[1];山系: 伊吹山地","関西百名山#近畿百名山","表形式"
"賤ヶ岳","5 しずがたけ賤ヶ岳滋賀県421.1地理院地図Googleマップ北緯35度30分22秒東経136度11分35秒﻿ / ﻿北緯35.506094度 東経136.193098度﻿ / 35.506094; 136.193098﻿ (賤ヶ岳)東海の百山古戦場賤ヶ岳の戦い","https://ja.wikipedia.org/wiki/賤ヶ岳","北緯35度30分22秒東経136度11分35秒","標高: 421.13[1]m;所在地: 滋賀県長浜市;位置: 北緯35度30分22秒東経136度11分35秒[1];山系: 野坂山地","関西百名山#近畿百名山","表形式"
"御在所岳","6 ございしょだけ御在所岳滋賀県三重県1,212地理院地図Googleマップ北緯35度01分14秒東経136度25分05秒﻿ / ﻿北緯35.020446度 東経136.418000度﻿ / 35.020446; 136.418000﻿ (御在所岳)日本二百名山鈴鹿セブンマウンテン東海の百山近畿百名山御在所山一等三角点御在所ロープウェイ湯の山温泉","https://ja.wikipedia.org/wiki/御在所岳","北緯35度01分14秒東経136度25分04秒","標高: 1,212[1]m;所在地: 日本三重県三重郡菰野町滋賀県東近江市;位置: 北緯35度01分14秒東経136度25分04秒座標: 北緯35度01分14秒 東経136度25分04秒[1];山系: 鈴鹿山脈;種類: 隆起（花崗岩）","関西百名山#近畿百名山","表形式"
"鎌ヶ岳","7 かまがたけ鎌ヶ岳滋賀県三重県1,161地理院地図Googleマップ北緯35度00分05秒東経136度25分16秒﻿ / ﻿北緯35.001303度 東経136.421222度﻿ / 35.001303; 136.421222﻿ (鎌ヶ岳)鈴鹿セブンマウンテン東海の百山近畿百名山「鈴鹿の槍ヶ岳やマッターホルン」[4]","https://ja.wikipedia.org/wiki/鎌ヶ岳","北緯35度00分05秒東経136度25分16秒","標高: 1,161[1]m;所在地: 日本三重県三重郡菰野町滋賀県甲賀市;位置: 北緯35度00分05秒東経136度25分16秒座標: 北緯35度00分05秒 東経136度25分16秒[1];山系: 鈴鹿山脈;種類: 隆起（花崗岩）","関西百名山#近畿百名山","表形式"
"御池岳","8 おいけだけ御池岳滋賀県1,247地理院地図Googleマップ北緯35度10分43秒東経136度24分54秒﻿ / ﻿北緯35.178611度 東経136.415000度﻿ / 35.178611; 136.415000﻿ (御池岳)花の百名山近畿百名山(鈴鹿山脈の最高峰)カルスト台地","https://ja.wikipedia.org/wiki/御池岳","北緯35度10分43秒東経136度24分54秒","標高: 1,247[1]m;所在地: 日本滋賀県東近江市（三重県いなべ市）;位置: 北緯35度10分43秒東経136度24分54秒座標: 北緯35度10分43秒 東経136度24分54秒[1];山系: 鈴鹿山脈;種類: 堆積岩（石灰岩）","関西百名山#近畿百名山","表形式"
"藤原岳","9 ふじわらだけ藤原岳滋賀県三重県1,140地理院地図Googleマップ北緯35度09分31秒東経136度27分10秒﻿ / ﻿北緯35.158697度 東経136.452822度﻿ / 35.158697; 136.452822﻿ (藤原岳)日本三百名山花の百名山新・花の百名山鈴鹿セブンマウンテン東海の百山近畿百名山（標高未確定）太平洋セメント藤原鉱山","https://ja.wikipedia.org/wiki/藤原岳","北緯35度09分31秒東経136度27分10秒","標高: 1,144[1]m;所在地: 日本三重県いなべ市滋賀県東近江市;位置: 北緯35度09分31秒東経136度27分10秒座標: 北緯35度09分31秒 東経136度27分10秒;山系: 鈴鹿山脈;種類: 堆積岩（石灰岩）","関西百名山#近畿百名山","表形式"
"霊仙山","10 りょうぜんさん霊仙山滋賀県1,094地理院地図Googleマップ北緯35度16分45秒東経136度22分53秒﻿ / ﻿北緯35.279167度 東経136.38139度﻿ / 35.279167; 136.38139﻿ (霊仙山)花の百名山東海の百山近畿百名山カルスト台地最高点1,098 mの表記もある[5]","https://ja.wikipedia.org/wiki/霊仙山","北緯35度16分45秒東経136度22分53秒","標高: 1,094[1][2]m;所在地: 日本滋賀県犬上郡多賀町、米原市岐阜県大垣市上石津町、不破郡関ケ原町;位置: 北緯35度16分45秒東経136度22分53秒[1];山系: 鈴鹿山脈;種類: 堆積岩（石灰岩）[2][3]","関西百名山#近畿百名山","表形式"
"野坂岳","11 のさかだけ野坂岳福井県913.5地理院地図Googleマップ北緯35度35分23秒東経136度01分29秒﻿ / ﻿北緯35.589639度 東経136.024584度﻿ / 35.589639; 136.024584﻿ (野坂岳)近畿百名山敦賀富士一等三角点","https://ja.wikipedia.org/wiki/野坂岳","北緯35度35分22秒東経136度01分28秒","標高: 913[1]m;所在地: 福井県敦賀市;位置: 北緯35度35分22秒東経136度01分28秒座標: 北緯35度35分22秒 東経136度01分28秒;山系: 野坂山地","関西百名山#近畿百名山","表形式"
"赤坂山","12 あかさかやま赤坂山滋賀県福井県823.8地理院地図Googleマップ北緯35度31分12秒東経136度01分24秒﻿ / ﻿北緯35.520070度 東経136.023382度﻿ / 35.520070; 136.023382﻿ (赤坂山)","https://ja.wikipedia.org/wiki/赤坂山","北緯35度31分12.3秒東経136度01分24.3秒","標高: 823.8 m;所在地: 日本滋賀県高島市福井県三方郡美浜町;位置: 北緯35度31分12.3秒東経136度01分24.3秒座標: 北緯35度31分12.3秒 東経136度01分24.3秒;山系: 野坂山地","関西百名山#近畿百名山","表形式"
"三十三間山","13 さんじゅうさんげんやま三十三間山福井県滋賀県842.3地理院地図Googleマップ北緯35度29分32秒東経135度55分48秒﻿ / ﻿北緯35.492103度 東経135.930122度﻿ / 35.492103; 135.930122﻿ (三十三間山)近畿百名山","https://ja.wikipedia.org/wiki/三十三間山","北緯35度29分31秒東経135度55分48秒","標高: 842.3 m;所在地: 日本福井県三方上中郡若狭町滋賀県高島市;位置: 北緯35度29分31秒東経135度55分48秒座標: 北緯35度29分31秒 東経135度55分48秒;山系: 比良山地","関西百名山#近畿百名山","表形式"
"百里ヶ岳","14 ひゃくりがだけ百里ヶ岳福井県滋賀県931.3地理院地図Googleマップ北緯35度23分30秒東経135度48分36秒﻿ / ﻿北緯35.391788度 東経135.810096度﻿ / 35.391788; 135.810096﻿ (百里ヶ岳)近畿百名山","https://ja.wikipedia.org/wiki/百里ヶ岳","北緯35度23分30秒東経135度48分36秒","標高: 931.3 m;所在地: 日本滋賀県高島市・福井県小浜市;位置: 北緯35度23分30秒東経135度48分36秒座標: 北緯35度23分30秒 東経135度48分36秒;山系: 丹波高地","関西百名山#近畿百名山","表形式"
"蛇谷ヶ峰 (存在しないページ)","15 画 像 募 集 中じゃたにがみね蛇谷ヶ峰滋賀県901.7地理院地図Googleマップ北緯35度19分13秒東経135度55分43秒﻿ / ﻿北緯35.320386度 東経135.928636度﻿ / 35.320386; 135.928636﻿ (蛇谷ヶ峰)近畿百名山","https://ja.wikipedia.org/w/index.php?title=蛇谷ヶ峰&amp;action=edit&amp;redlink=1","","","関西百名山#近畿百名山","表形式"
"武奈ヶ岳","16 ぶながたけ武奈ヶ岳滋賀県1,214.4地理院地図Googleマップ北緯35度15分53秒東経135度53分49秒﻿ / ﻿北緯35.264600度 東経135.896985度﻿ / 35.264600; 135.896985﻿ (武奈ヶ岳)日本二百名山新日本百名山近畿百名山","https://ja.wikipedia.org/wiki/武奈ヶ岳","北緯35度15分52秒東経135度53分48秒","標高: 1,214.4 m;所在地: 日本滋賀県大津市;位置: 北緯35度15分52秒東経135度53分48秒座標: 北緯35度15分52秒 東経135度53分48秒;山系: 比良山地;種類: 隆起準平原","関西百名山#近畿百名山","表形式"
"蓬莱山 (滋賀県)","17 ほうらいさん蓬莱山滋賀県1,173.9地理院地図Googleマップ北緯35度12分34秒東経135度53分09秒﻿ / ﻿北緯35.209539度 東経135.885735度﻿ / 35.209539; 135.885735﻿ (蓬莱山)日本三百名山びわ湖バレイスキー場一等三角点","https://ja.wikipedia.org/wiki/蓬莱山_(滋賀県)","北緯35度12分34秒東経135度53分09秒","標高: 1,174 m;所在地: 滋賀県大津市;位置: 北緯35度12分34秒東経135度53分09秒;山系: 比良山地","関西百名山#近畿百名山","表形式"
"太神山 (存在しないページ)","18 画 像 募 集 中たなかみやま太神山滋賀県599.7地理院地図Googleマップ北緯34度55分00秒東経135度59分03秒﻿ / ﻿北緯34.916710度 東経135.984296度﻿ / 34.916710; 135.984296﻿ (太神山)","https://ja.wikipedia.org/w/index.php?title=太神山&amp;action=edit&amp;redlink=1","","","関西百名山#近畿百名山","表形式"
"三上山","19 みかみやま三上山滋賀県432地理院地図Googleマップ北緯35度03分02秒東経136度02分16秒﻿ / ﻿北緯35.050556度 東経136.037778度﻿ / 35.050556; 136.037778﻿ (三上山)花の百名山近江富士","https://ja.wikipedia.org/wiki/三上山","北緯35度03分01秒東経136度02分16秒","標高: 432 m;所在地: 日本滋賀県野洲市;位置: 北緯35度03分01秒東経136度02分16秒座標: 北緯35度03分01秒 東経136度02分16秒;種類: 残丘","関西百名山#近畿百名山","表形式"
"青葉山 (京都府・福井県)","20 あおばさん青葉山福井県京都府693地理院地図Googleマップ北緯35度30分18秒東経135度29分02秒﻿ / ﻿北緯35.505000度 東経135.483889度﻿ / 35.505000; 135.483889﻿ (青葉山)近畿百名山若狭富士","https://ja.wikipedia.org/wiki/青葉山_(京都府・福井県)","北緯35度30分18秒東経135度29分02秒","標高: 693 m;所在地: 日本福井県大飯郡高浜町京都府舞鶴市;位置: .mw-parser-output .geo-default,.mw-parser-output .geo-dms,.mw-parser-output .geo-dec{display:inline}.mw-parser-output .geo-nondefault,.mw-parser-output .geo-multi-punct{display:none}.mw-parser-output .longitude,.mw-parser-output .latitude{white-space:nowrap}北緯35度30分18秒東経135度29分02秒﻿ / ﻿北緯35.50500度 東経135.48389度﻿ / 35.50500; 135.48389座標: 北緯35度30分18秒東経135度29分02秒﻿ / ﻿北緯35.50500度 東経135.48389度﻿ / 35.50500; 135.48389;山系: 丹波高地","関西百名山#近畿百名山","表形式"
"八ヶ峰","21 画 像 募 集 中はちがみね八ヶ峰京都府福井県800.1地理院地図Googleマップ北緯35度21分26秒東経135度40分05秒﻿ / ﻿北緯35.357238度 東経135.668015度﻿ / 35.357238; 135.668015﻿ (八ヶ峰)","https://ja.wikipedia.org/wiki/八ヶ峰","北緯35度21分26秒東経135度40分05秒","標高: 800.1 m;所在地: 福井県大飯郡おおい町京都府南丹市;位置: 北緯35度21分26秒東経135度40分05秒座標: 北緯35度21分26秒 東経135度40分05秒;山系: 丹波高地","関西百名山#近畿百名山","表形式"
"雲取山 (京都府) (存在しないページ)","22 画 像 募 集 中くもとりやま雲取山京都府911.1地理院地図Googleマップ北緯35度10分42秒東経135度45分53秒﻿ / ﻿北緯35.178413度 東経135.764674度﻿ / 35.178413; 135.764674﻿ (雲取山)","https://ja.wikipedia.org/w/index.php?title=雲取山_(京都府)&amp;action=edit&amp;redlink=1","","","関西百名山#近畿百名山","表形式"
"皆子山","23 みなごやま皆子山京都府滋賀県971.5地理院地図Googleマップ北緯35度12分08秒東経135度50分07秒﻿ / ﻿北緯35.202273度 東経135.835142度﻿ / 35.202273; 135.835142﻿ (皆子山)近畿百名山京都府最高峰","https://ja.wikipedia.org/wiki/皆子山","北緯35度12分08秒東経135度50分07秒","標高: 971.51[1]m;所在地: 京都府京都市左京区・滋賀県大津市;位置: 北緯35度12分08秒東経135度50分07秒座標: 北緯35度12分08秒 東経135度50分07秒[2];山系: 丹波高地","関西百名山#近畿百名山","表形式"
"桟敷ヶ岳","24 さじきがたけ桟敷ヶ岳京都府895.8地理院地図Googleマップ北緯35度09分33秒東経135度43分02秒﻿ / ﻿北緯35.159212度 東経135.717236度﻿ / 35.159212; 135.717236﻿ (桟敷ヶ岳)","https://ja.wikipedia.org/wiki/桟敷ヶ岳","北緯35度09分31.6秒東経135度43分02.0秒","標高: 895.9 m;所在地: 日本京都府京都市北区・右京区;位置: .mw-parser-output .geo-default,.mw-parser-output .geo-dms,.mw-parser-output .geo-dec{display:inline}.mw-parser-output .geo-nondefault,.mw-parser-output .geo-multi-punct{display:none}.mw-parser-output .longitude,.mw-parser-output .latitude{white-space:nowrap}北緯35度09分31.6秒東経135度43分02.0秒﻿ / ﻿北緯35.158778度 東経135.717222度﻿ / 35.158778; 135.717222座標: 北緯35度09分31.6秒東経135度43分02.0秒﻿ / ﻿北緯35.158778度 東経135.717222度﻿ / 35.158778; 135.717222;山系: 京都北山;初登頂: 1918年（京都府立第一中学校山岳部）","関西百名山#近畿百名山","表形式"
"比叡山","25 ひえいざん比叡山滋賀県京都府848.1地理院地図Googleマップ北緯35度03分57秒東経135度50分04秒﻿ / ﻿北緯35.065830度 東経135.834449度﻿ / 35.065830; 135.834449﻿ (比叡山)日本三百名山近畿百名山大比叡一等三角点","https://ja.wikipedia.org/wiki/比叡山","北緯35度03分57秒東経135度50分04秒","標高: 848.3 m;所在地: 日本滋賀県大津市・京都府京都市左京区;位置: 北緯35度03分57秒東経135度50分04秒座標: 北緯35度03分57秒 東経135度50分04秒;1: NHK京都総合;2: NHK大阪教育;4: MBS毎日放送;5: KBS京都放送;6: ABC TV朝日放送テレビ;8: KTV関西テレビ放送;10: ytv讀賣テレビ放送","関西百名山#近畿百名山","表形式"
"愛宕山 (京都市)","26 あたごやま愛宕山京都府924地理院地図Googleマップ北緯35度03分36秒東経135度38分03秒﻿ / ﻿北緯35.060018度 東経135.634194度﻿ / 35.060018; 135.634194﻿ (愛宕山)日本三百名山花の百名山新日本百名山近畿百名山愛宕神社","https://ja.wikipedia.org/wiki/愛宕山_(京都市)","北緯35度03分36秒東経135度38分03秒","標高: 924 m;所在地: 日本京都府京都市右京区;位置: 北緯35度03分36秒東経135度38分03秒座標: 北緯35度03分36秒 東経135度38分03秒","関西百名山#近畿百名山","表形式"
"ポンポン山 (近畿)","27 ぽんぽんやまポンポン山京都府大阪府678.8地理院地図Googleマップ北緯34度56分07秒東経135度37分26秒﻿ / ﻿北緯34.935163度 東経135.623809度﻿ / 34.935163; 135.623809﻿ (ポンポン山)近畿百名山加茂勢山","https://ja.wikipedia.org/wiki/ポンポン山_(近畿)","北緯34度56分07秒東経135度37分26秒","標高: 678.7 m;所在地: 京都府京都市西京区・大阪府高槻市;位置: 北緯34度56分07秒東経135度37分26秒座標: 北緯34度56分07秒 東経135度37分26秒;山系: 北摂山系","関西百名山#近畿百名山","表形式"
"妙見山 (能勢)","28 みょうけんさん妙見山大阪府兵庫県660.1地理院地図Googleマップ北緯34度55分44秒東経135度28分02秒﻿ / ﻿北緯34.928916度 東経135.467347度﻿ / 34.928916; 135.467347﻿ (妙見山)ふるさと兵庫100山","https://ja.wikipedia.org/wiki/妙見山_(能勢)","北緯34度55分44.328秒東経135度27分59.245秒","標高: 660.1 m;所在地: 兵庫県川西市、大阪府豊能郡豊能町・能勢町;位置: 北緯34度55分44.328秒東経135度27分59.245秒;山系: 北摂山系","関西百名山#近畿百名山","表形式"
"剣尾山","29 画 像 募 集 中けんびさん剣尾山大阪府784地理院地図Googleマップ北緯35度00分12秒東経135度24分14秒﻿ / ﻿北緯35.003370度 東経135.403833度﻿ / 35.003370; 135.403833﻿ (剣尾山)大阪50山近畿百名山","https://ja.wikipedia.org/wiki/剣尾山","北緯35度00分12秒東経135度24分14秒","標高: 784 m;所在地: 大阪府豊能郡能勢町;位置: 北緯35度00分12秒東経135度24分14秒座標: 北緯35度00分12秒 東経135度24分14秒;山系: 北摂山系","関西百名山#近畿百名山","表形式"
"白髪岳","30 しらがたけ白髪岳兵庫県721.8地理院地図Googleマップ北緯35度02分46秒東経135度08分05秒﻿ / ﻿北緯35.046008度 東経135.134825度﻿ / 35.046008; 135.134825﻿ (白髪岳)ふるさと兵庫100山近畿百名山","https://ja.wikipedia.org/wiki/白髪岳","北緯35度2分 東経135度","標高: 721.8 m;所在地: 兵庫県丹波篠山市;位置: 北緯35度2分 東経135度8分;山系: 丹波高地","関西百名山#近畿百名山","表形式"
"御嶽 (兵庫県)","31 みたけ三嶽兵庫県793.4地理院地図Googleマップ北緯35度07分38秒東経135度14分42秒﻿ / ﻿北緯35.127264度 東経135.244900度﻿ / 35.127264; 135.244900﻿ (三嶽)ふるさと兵庫100山近畿百名山三嶽","https://ja.wikipedia.org/wiki/御嶽_(兵庫県)","北緯35度7分38秒東経135度14分41秒","標高: 793.4 m;所在地: 兵庫県丹波篠山市;位置: 北緯35度7分38秒東経135度14分41秒;山系: 多紀連山","関西百名山#近畿百名山","表形式"
"長老ヶ岳","32 ちょうろうがたけ長老ヶ岳京都府916.9地理院地図Googleマップ北緯35度18分12秒東経135度28分26秒﻿ / ﻿北緯35.303243度 東経135.473986度﻿ / 35.303243; 135.473986﻿ (長老ヶ岳)近畿百名山一等三角点","https://ja.wikipedia.org/wiki/長老ヶ岳","北緯35度18分12秒東経135度28分26秒","標高: 916.9 m;所在地: 日本京都府南丹市・京丹波町;位置: 北緯35度18分12秒東経135度28分26秒座標: 北緯35度18分12秒 東経135度28分26秒;山系: 丹波高地","関西百名山#近畿百名山","表形式"
"弥仙山 (存在しないページ)","33 みせんさん弥仙山京都府664地理院地図Googleマップ北緯35度23分28秒東経135度22分41秒﻿ / ﻿北緯35.391128度 東経135.378075度﻿ / 35.391128; 135.378075﻿ (弥仙山)丹波槍","https://ja.wikipedia.org/w/index.php?title=弥仙山&amp;action=edit&amp;redlink=1","","","関西百名山#近畿百名山","表形式"
"大江山","34 おおえやま大江山京都府832.5地理院地図Googleマップ北緯35度27分12秒東経135度06分24秒﻿ / ﻿北緯35.453453度 東経135.106653度﻿ / 35.453453; 135.106653﻿ (大江山)新・花の百名山近畿百名山千丈ヶ嶽酒呑童子伝説","https://ja.wikipedia.org/wiki/大江山","北緯35度27分12秒東経135度06分24秒","標高: 832[1]m;所在地: 日本京都府与謝野町・福知山市・宮津市;位置: 北緯35度27分12秒東経135度06分24秒座標: 北緯35度27分12秒 東経135度06分24秒;山系: 丹波高地（丹後山地）","関西百名山#近畿百名山","表形式"
"由良ヶ岳 (存在しないページ)","35 ゆらがたけ由良ヶ岳京都府640.0地理院地図Googleマップ北緯35度30分27秒東経135度15分24秒﻿ / ﻿北緯35.507509度 東経135.256672度﻿ / 35.507509; 135.256672﻿ (由良ヶ岳)","https://ja.wikipedia.org/w/index.php?title=由良ヶ岳&amp;action=edit&amp;redlink=1","","","関西百名山#近畿百名山","表形式"
"依遅ヶ尾山","36 いちがおやま依遅ヶ尾山京都府540.0地理院地図Googleマップ北緯35度44分03秒東経135度08分15秒﻿ / ﻿北緯35.734087度 東経135.137504度﻿ / 35.734087; 135.137504﻿ (依遅ヶ尾山)","https://ja.wikipedia.org/wiki/依遅ヶ尾山","北緯35度44分3.3秒東経135度8分14.6秒","標高: 540 m;所在地: 日本京都府京丹後市;位置: 北緯35度44分3.3秒東経135度8分14.6秒座標: 北緯35度44分3.3秒 東経135度8分14.6秒;山系: 金剛童子山系[1]","関西百名山#近畿百名山","表形式"
"氷ノ山","37 ひょうのせん氷ノ山兵庫県鳥取県1,509.6地理院地図Googleマップ北緯35度21分14秒東経134度30分50秒﻿ / ﻿北緯35.353959度 東経134.513842度﻿ / 35.353959; 134.513842﻿ (氷ノ山)日本二百名山新日本百名山新・花の百名山一等三角点百名山中国百名山ふるさと兵庫100山宍粟50名山近畿百名山須賀ノ山兵庫県最高峰一等三角点","https://ja.wikipedia.org/wiki/氷ノ山","北緯35度21分14秒東経134度30分49秒","標高: 1,509.6 m;所在地: 日本兵庫県養父市鳥取県八頭郡若桜町;位置: 北緯35度21分14秒東経134度30分49秒座標: 北緯35度21分14秒 東経134度30分49秒;山系: 中国山地氷ノ山山系","関西百名山#近畿百名山","表形式"
"扇ノ山","38 おうぎのせん扇ノ山鳥取県兵庫県1,309.9地理院地図Googleマップ北緯35度26分23秒東経134度26分27秒﻿ / ﻿北緯35.439806度 東経134.440891度﻿ / 35.439806; 134.440891﻿ (扇ノ山)日本三百名山中国百名山ふるさと兵庫100山近畿百名山","https://ja.wikipedia.org/wiki/扇ノ山","北緯35度26分23秒東経134度26分27秒","標高: 1,309.9[1]m;所在地: 日本兵庫県美方郡新温泉町（旧温泉町）・鳥取県鳥取市（旧国府町）・八頭郡八頭町（旧郡家町・旧八東町）・若桜町;位置: 北緯35度26分23秒東経134度26分27秒座標: 北緯35度26分23秒 東経134度26分27秒[2]","関西百名山#近畿百名山","表形式"
"鉢伏山 (香美町)","39 はちぶせやま鉢伏山兵庫県1,221.6地理院地図Googleマップ北緯35度23分43秒東経134度32分11秒﻿ / ﻿北緯35.395382度 東経134.536353度﻿ / 35.395382; 134.536353﻿ (鉢伏山)ふるさと兵庫100山","https://ja.wikipedia.org/wiki/鉢伏山_(香美町)","北緯35度23分43秒東経134度32分11秒","標高: 1221 m;所在地: 兵庫県養父市・美方郡香美町;位置: 北緯35度23分43秒東経134度32分11秒;山系: 中国山地氷ノ山山系","関西百名山#近畿百名山","表形式"
"蘇武岳","40 画 像 募 集 中そぶだけ蘇武岳兵庫県1,074.4地理院地図Googleマップ北緯35度28分15秒東経134度38分17秒﻿ / ﻿北緯35.470792度 東経134.637965度﻿ / 35.470792; 134.637965﻿ (蘇武岳)ふるさと兵庫100山一等三角点","https://ja.wikipedia.org/wiki/蘇武岳","北緯35度28分14.8秒東経134度38分17.1秒","標高: 1,074.4 m;所在地: 日本兵庫県豊岡市・美方郡香美町;位置: 北緯35度28分14.8秒東経134度38分17.1秒座標: 北緯35度28分14.8秒 東経134度38分17.1秒;山系: 蘇武岳山系","関西百名山#近畿百名山","表形式"
"東床尾山","41 ひがしとこのおさん東床尾山兵庫県839.1地理院地図Googleマップ北緯35度25分19秒東経134度54分57秒﻿ / ﻿北緯35.421887度 東経134.915863度﻿ / 35.421887; 134.915863﻿ (東床尾山)ふるさと兵庫100山近畿百名山一等三角点","https://ja.wikipedia.org/wiki/東床尾山","北緯35度25分19秒東経134度54分57秒","標高: 839.1 m;所在地: 兵庫県豊岡市・朝来市;位置: 北緯35度25分19秒東経134度54分57秒座標: 北緯35度25分19秒 東経134度54分57秒;山系: 床尾連山（丹後山地、丹波高地）","関西百名山#近畿百名山","表形式"
"日名倉山","42 ひなくらやま日名倉山兵庫県岡山県1,047.4地理院地図Googleマップ北緯35度08分52秒東経134度24分31秒﻿ / ﻿北緯35.147881度 東経134.408643度﻿ / 35.147881; 134.408643﻿ (日名倉山)ふるさと兵庫100山宍粟50名山近畿百名山美作富士一等三角点","https://ja.wikipedia.org/wiki/日名倉山","北緯35度08分52秒東経134度24分31秒","標高: 1047.4 m;所在地: 兵庫県宍粟市・佐用郡佐用町・岡山県美作市;位置: 北緯35度08分52秒東経134度24分31秒座標: 北緯35度08分52秒 東経134度24分31秒;山系: 中国山地","関西百名山#近畿百名山","表形式"
"笠形山","43 かさがたやま笠形山兵庫県939.4地理院地図Googleマップ北緯35度03分51秒東経134度50分05秒﻿ / ﻿北緯35.064159度 東経134.834717度﻿ / 35.064159; 134.834717﻿ (笠形山)ふるさと兵庫100山近畿百名山","https://ja.wikipedia.org/wiki/笠形山","北緯35度3分51秒東経134度50分5秒","標高: 939.4[1]m;所在地: 兵庫県神崎郡神河町神崎郡市川町多可郡多可町;位置: 北緯35度3分51秒東経134度50分5秒座標: 北緯35度3分51秒 東経134度50分5秒;山系: 中国山地","関西百名山#近畿百名山","表形式"
"千ヶ峰","44 せんがみね千ヶ峰兵庫県1,005.2地理院地図Googleマップ北緯35度08分41秒東経134度53分02秒﻿ / ﻿北緯35.144714度 東経134.883927度﻿ / 35.144714; 134.883927﻿ (千ヶ峰)ふるさと兵庫100山近畿百名山","https://ja.wikipedia.org/wiki/千ヶ峰","北緯35度08分41秒東経134度53分02秒","標高: 1,005.2 m;所在地: 兵庫県多可郡多可町・神崎郡神河町;位置: 北緯35度08分41秒東経134度53分02秒座標: 北緯35度08分41秒 東経134度53分02秒;山系: 中国山地","関西百名山#近畿百名山","表形式"
"七種山","45 なぐさやま七種山兵庫県683地理院地図Googleマップ北緯35度00分57秒東経134度42分13秒﻿ / ﻿北緯35.015872度 東経134.703681度﻿ / 35.015872; 134.703681﻿ (七種山)ふるさと兵庫100山","https://ja.wikipedia.org/wiki/七種山","北緯35度00分57秒東経134度42分13秒","標高: 683 m;所在地: 兵庫県姫路市神崎郡福崎町神崎郡市川町;位置: 北緯35度00分57秒東経134度42分13秒座標: 北緯35度00分57秒 東経134度42分13秒","関西百名山#近畿百名山","表形式"
"段ヶ峰","46 だるがみね段ヶ峰兵庫県1,103.4地理院地図Googleマップ北緯35度11分30秒東経134度43分39秒﻿ / ﻿北緯35.191576度 東経134.727417度﻿ / 35.191576; 134.727417﻿ (段ヶ峰)ふるさと兵庫100山宍粟50名山近畿百名山","https://ja.wikipedia.org/wiki/段ヶ峰","北緯35度11分30秒東経134度43分39秒","標高: 1103.41 m;所在地: 日本兵庫県宍粟市旧一宮町千町朝来市旧生野町栃原;位置: 北緯35度11分30秒東経134度43分39秒座標: 北緯35度11分30秒 東経134度43分39秒;山系: 中国山地･生野高原","関西百名山#近畿百名山","表形式"
"雪彦山","47 せっぴこさん雪彦山兵庫県915.2地理院地図Googleマップ北緯35度04分22秒東経134度39分04秒﻿ / ﻿北緯35.072813度 東経134.651212度﻿ / 35.072813; 134.651212﻿ (雪彦山)ふるさと兵庫100山近畿百名山","https://ja.wikipedia.org/wiki/雪彦山","北緯35度4分0秒東経134度39分0秒","標高: 915.2 m;所在地: 兵庫県姫路市;位置: .mw-parser-output .geo-default,.mw-parser-output .geo-dms,.mw-parser-output .geo-dec{display:inline}.mw-parser-output .geo-nondefault,.mw-parser-output .geo-multi-punct{display:none}.mw-parser-output .longitude,.mw-parser-output .latitude{white-space:nowrap}北緯35度4分0秒東経134度39分0秒﻿ / ﻿北緯35.06667度 東経134.65000度﻿ / 35.06667; 134.65000座標: 北緯35度4分0秒東経134度39分0秒﻿ / ﻿北緯35.06667度 東経134.65000度﻿ / 35.06667; 134.65000;山系: 中国山地;種類: 火山岩頸","関西百名山#近畿百名山","表形式"
"高御位山","48 たかみくらやま高御位山兵庫県299.8地理院地図Googleマップ北緯34度48分47秒東経134度47分34秒﻿ / ﻿北緯34.813111度 東経134.792892度﻿ / 34.813111; 134.792892﻿ (高御位山)ふるさと兵庫100山","https://ja.wikipedia.org/wiki/高御位山","北緯34度48分47秒東経134度47分34秒","標高: 304[1]m;所在地: 日本兵庫県加古川市・高砂市;位置: 北緯34度48分47秒東経134度47分34秒座標: 北緯34度48分47秒 東経134度47分34秒;山系: --;種類: --","関西百名山#近畿百名山","表形式"
"諭鶴羽山","49 ゆづるはさん諭鶴羽山兵庫県607.9地理院地図Googleマップ北緯34度14分06秒東経134度48分51秒﻿ / ﻿北緯34.234865度 東経134.814188度﻿ / 34.234865; 134.814188﻿ (諭鶴羽山)ふるさと兵庫100山近畿百名山淡路島最高峰一等三角点","https://ja.wikipedia.org/wiki/諭鶴羽山","北緯34度14分6秒東経134度48分51秒","標高: 607.9 m;所在地: 兵庫県南あわじ市;位置: .mw-parser-output .geo-default,.mw-parser-output .geo-dms,.mw-parser-output .geo-dec{display:inline}.mw-parser-output .geo-nondefault,.mw-parser-output .geo-multi-punct{display:none}.mw-parser-output .longitude,.mw-parser-output .latitude{white-space:nowrap}北緯34度14分6秒東経134度48分51秒﻿ / ﻿北緯34.23500度 東経134.81417度﻿ / 34.23500; 134.81417座標: 北緯34度14分6秒東経134度48分51秒﻿ / ﻿北緯34.23500度 東経134.81417度﻿ / 34.23500; 134.81417;山系: 諭鶴羽山地","関西百名山#近畿百名山","表形式"
"帝釈山 (兵庫県)","50 たいしゃくさん帝釈山兵庫県586.1地理院地図Googleマップ北緯34度47分14秒東経135度07分07秒﻿ / ﻿北緯34.787203度 東経135.118475度﻿ / 34.787203; 135.118475﻿ (帝釈山)","https://ja.wikipedia.org/wiki/帝釈山_(兵庫県)","北緯34度47分14秒東経135度7分7秒","標高: 585.9 m;所在地: 兵庫県神戸市北区;位置: .mw-parser-output .geo-default,.mw-parser-output .geo-dms,.mw-parser-output .geo-dec{display:inline}.mw-parser-output .geo-nondefault,.mw-parser-output .geo-multi-punct{display:none}.mw-parser-output .longitude,.mw-parser-output .latitude{white-space:nowrap}北緯34度47分14秒東経135度7分7秒﻿ / ﻿北緯34.78722度 東経135.11861度﻿ / 34.78722; 135.11861座標: 北緯34度47分14秒東経135度7分7秒﻿ / ﻿北緯34.78722度 東経135.11861度﻿ / 34.78722; 135.11861;山系: 丹生山系","関西百名山#近畿百名山","表形式"
"摩耶山","51 まやさん摩耶山兵庫県702地理院地図Googleマップ北緯34度43分59秒東経135度12分15秒﻿ / ﻿北緯34.732922度 東経135.204278度﻿ / 34.732922; 135.204278﻿ (摩耶山)ふるさと兵庫100山","https://ja.wikipedia.org/wiki/摩耶山","北緯34度43分58秒東経135度12分15秒","標高: 702 m;所在地: 日本神戸市灘区摩耶山町;位置: .mw-parser-output .geo-default,.mw-parser-output .geo-dms,.mw-parser-output .geo-dec{display:inline}.mw-parser-output .geo-nondefault,.mw-parser-output .geo-multi-punct{display:none}.mw-parser-output .longitude,.mw-parser-output .latitude{white-space:nowrap}北緯34度43分58秒東経135度12分15秒﻿ / ﻿北緯34.73278度 東経135.20417度﻿ / 34.73278; 135.20417座標: 北緯34度43分58秒東経135度12分15秒﻿ / ﻿北緯34.73278度 東経135.20417度﻿ / 34.73278; 135.20417;山系: 六甲山系","関西百名山#近畿百名山","表形式"
"六甲山","52 ろっこうさいこうほう六甲最高峰兵庫県931.3地理院地図Googleマップ北緯34度46分41秒東経135度15分49秒﻿ / ﻿北緯34.778004度 東経135.263741度﻿ / 34.778004; 135.263741﻿ (六甲最高峰)日本三百名山新日本百名山ふるさと兵庫100山近畿百名山六甲山一等三角点","https://ja.wikipedia.org/wiki/六甲山","北緯34度46分40.815秒東経135度15分49.4669秒","標高: 931.25 m;所在地: 日本兵庫県神戸市東灘区・北区;位置: 北緯34度46分40.815秒東経135度15分49.4669秒座標: 北緯34度46分40.815秒 東経135度15分49.4669秒;山系: 六甲山系","関西百名山#近畿百名山","表形式"
"横尾山 (神戸市) (存在しないページ)","53 よこおやま横尾山兵庫県312.1地理院地図Googleマップ北緯34度39分56秒東経135度06分30秒﻿ / ﻿北緯34.665578度 東経135.108323度﻿ / 34.665578; 135.108323﻿ (横尾山)ふるさと兵庫100山","https://ja.wikipedia.org/w/index.php?title=横尾山_(神戸市)&amp;action=edit&amp;redlink=1","","","関西百名山#近畿百名山","表形式"
"生駒山","54 いこまやま生駒山大阪府奈良県642.0地理院地図Googleマップ北緯34度40分42秒東経135度40分44秒﻿ / ﻿北緯34.678459度 東経135.678994度﻿ / 34.678459; 135.678994﻿ (生駒山)大阪50山奈良百遊山近畿百名山一等三角点","https://ja.wikipedia.org/wiki/生駒山","北緯34度40分42.4533秒東経135度40分44.3796秒","標高: 641.99 m;所在地: 奈良県生駒市菜畑町大阪府東大阪市山手町;位置: .mw-parser-output .geo-default,.mw-parser-output .geo-dms,.mw-parser-output .geo-dec{display:inline}.mw-parser-output .geo-nondefault,.mw-parser-output .geo-multi-punct{display:none}.mw-parser-output .longitude,.mw-parser-output .latitude{white-space:nowrap}北緯34度40分42.4533秒東経135度40分44.3796秒﻿ / ﻿北緯34.678459250度 東経135.678994333度﻿ / 34.678459250; 135.678994333座標: 北緯34度40分42.4533秒東経135度40分44.3796秒﻿ / ﻿北緯34.678459250度 東経135.678994333度﻿ / 34.678459250; 135.678994333;山系: 生駒山地","関西百名山#近畿百名山","表形式"
"金剛山 (金剛山地)","55 こんごうざん金剛山奈良県1,125地理院地図Googleマップ北緯34度25分10秒東経135度40分23秒﻿ / ﻿北緯34.419444度 東経135.672917度﻿ / 34.419444; 135.672917﻿ (金剛山)日本二百名山一等三角点百名山大阪50山奈良百遊山近畿百名山南側斜面に大阪府最高地点","https://ja.wikipedia.org/wiki/金剛山_(金剛山地)","北緯34度25分10秒東経135度40分23秒","標高: 1,125 m;所在地: 奈良県御所市大阪府南河内郡千早赤阪村;位置: 北緯34度25分10秒東経135度40分23秒座標: 北緯34度25分10秒 東経135度40分23秒;山系: 金剛山地","関西百名山#近畿百名山","表形式"
"二上山 (奈良県・大阪府)","56 にじょうざん二上山奈良県517地理院地図Googleマップ北緯34度31分32秒東経135度40分39秒﻿ / ﻿北緯34.525618度 東経135.677611度﻿ / 34.525618; 135.677611﻿ (二上山)花の百名山大阪50山奈良百遊山近畿百名山","https://ja.wikipedia.org/wiki/二上山_(奈良県・大阪府)","北緯34度31分32秒東経135度40分39秒","標高: 雄岳 517m、雌岳 474 m;所在地: 日本奈良県葛城市加守大阪府南河内郡太子町大字山田;位置: 北緯34度31分32秒東経135度40分39秒座標: 北緯34度31分32秒 東経135度40分39秒;山系: 金剛山地","関西百名山#近畿百名山","表形式"
"大和葛城山","57 やまとかつらぎさん大和葛城山奈良県大阪府958.9地理院地図Googleマップ北緯34度27分22秒東経135度40分56秒﻿ / ﻿北緯34.456157度 東経135.682317度﻿ / 34.456157; 135.682317﻿ (大和葛城山)日本三百名山花の百名山大阪50山奈良百遊山近畿百名山葛城山大阪府最高峰","https://ja.wikipedia.org/wiki/大和葛城山","北緯34度27分22秒東経135度40分56秒","標高: 959.2 m;所在地: 日本奈良県御所市・大阪府南河内郡千早赤阪村;位置: 北緯34度27分22秒東経135度40分56秒座標: 北緯34度27分22秒 東経135度40分56秒;山系: 金剛山地","関西百名山#近畿百名山","表形式"
"岩湧山","58 いわわきさん岩湧山大阪府897.1地理院地図Googleマップ北緯34度22分27秒東経135度33分04秒﻿ / ﻿北緯34.374078度 東経135.551011度﻿ / 34.374078; 135.551011﻿ (岩湧山)新日本百名山大阪50山近畿百名山","https://ja.wikipedia.org/wiki/岩湧山","北緯34度22分27秒東経135度33分03秒","標高: 897.1[1]m;所在地: 大阪府河内長野市;位置: 北緯34度22分27秒東経135度33分03秒座標: 北緯34度22分27秒 東経135度33分03秒;山系: 和泉山脈","関西百名山#近畿百名山","表形式"
"和泉葛城山","59 画 像 募 集 中いずみかつらぎさん和泉葛城山大阪府和歌山県858地理院地図Googleマップ北緯34度20分53秒東経135度26分04秒﻿ / ﻿北緯34.348003度 東経135.434333度﻿ / 34.348003; 135.434333﻿ (和泉葛城山)大阪50山近畿百名山葛城山一等三角点","https://ja.wikipedia.org/wiki/和泉葛城山","北緯34度20分53秒東経135度26分03秒","標高: 858 m;所在地: 日本大阪府岸和田市塔原町・貝塚市蕎原和歌山県紀の川市切畑;位置: 北緯34度20分53秒東経135度26分03秒座標: 北緯34度20分53秒 東経135度26分03秒;山系: 和泉山脈","関西百名山#近畿百名山","表形式"
"倶留尊山","60 くろそやま倶留尊山三重県奈良県1,037.3地理院地図Googleマップ北緯34度31分51秒東経136度10分13秒﻿ / ﻿北緯34.530913度 東経136.170310度﻿ / 34.530913; 136.170310﻿ (倶留尊山)日本三百名山東海の百山奈良百遊山近畿百名山","https://ja.wikipedia.org/wiki/倶留尊山","北緯34度31分51秒東経136度10分13秒","標高: 1,037.27[1]m;所在地: 日本三重県津市・奈良県宇陀郡曽爾村;位置: 北緯34度31分51秒東経136度10分13秒座標: 北緯34度31分51秒 東経136度10分13秒[2];山系: 高見山地[2]","関西百名山#近畿百名山","表形式"
"古光山 (存在しないページ)","61 こごやま古光山奈良県952.4地理院地図Googleマップ北緯34度30分19秒東経136度09分09秒﻿ / ﻿北緯34.505179度 東経136.152457度﻿ / 34.505179; 136.152457﻿ (古光山)奈良百遊山近畿百名山","https://ja.wikipedia.org/w/index.php?title=古光山&amp;action=edit&amp;redlink=1","","","関西百名山#近畿百名山","表形式"
"尼ヶ岳","62 あまがたけ尼ヶ岳三重県957.4地理院地図Googleマップ北緯34度33分27秒東経136度13分11秒﻿ / ﻿北緯34.557587度 東経136.219675度﻿ / 34.557587; 136.219675﻿ (尼ヶ岳)東海の百山&lt;/small近畿百名山","https://ja.wikipedia.org/wiki/尼ヶ岳","北緯34度33分27.3秒東経136度13分10.7秒","標高: 957.4 m;所在地: 日本三重県　伊賀市高尾・津市美杉町太郎生・美杉町八知;位置: .mw-parser-output .geo-default,.mw-parser-output .geo-dms,.mw-parser-output .geo-dec{display:inline}.mw-parser-output .geo-nondefault,.mw-parser-output .geo-multi-punct{display:none}.mw-parser-output .longitude,.mw-parser-output .latitude{white-space:nowrap}北緯34度33分27.3秒東経136度13分10.7秒﻿ / ﻿北緯34.557583度 東経136.219639度﻿ / 34.557583; 136.219639座標: 北緯34度33分27.3秒東経136度13分10.7秒﻿ / ﻿北緯34.557583度 東経136.219639度﻿ / 34.557583; 136.219639;山系: 布引山地・室生火山群","関西百名山#近畿百名山","表形式"
"大洞山 (三重県)","63 おおぼらやま大洞山三重県984.8地理院地図Googleマップ北緯34度32分01秒東経136度13分06秒﻿ / ﻿北緯34.533544度 東経136.218385度﻿ / 34.533544; 136.218385﻿ (大洞山)近畿百名山","https://ja.wikipedia.org/wiki/大洞山_(三重県)","北緯34度32分19.1秒東経136度12分53.5秒","標高: 雄岳 1,013.0m雌岳 984.8 m;所在地: 日本三重県　津市美杉町太郎生・美杉町八知;位置: 北緯34度32分19.1秒東経136度12分53.5秒座標: 北緯34度32分19.1秒 東経136度12分53.5秒;山系: 布引山地・室生火山群","関西百名山#近畿百名山","表形式"
"学能堂山","64 がくのどうやま学能堂山奈良県三重県1,021.4地理院地図Googleマップ北緯34度29分31秒東経136度13分47秒﻿ / ﻿北緯34.491952度 東経136.229809度﻿ / 34.491952; 136.229809﻿ (学能堂山)奈良百遊山近畿百名山岳の洞","https://ja.wikipedia.org/wiki/学能堂山","北緯34度29分31秒東経136度13分47秒","標高: 1,021 m;所在地: 三重県津市・奈良県御杖村;位置: 北緯34度29分31秒東経136度13分47秒座標: 北緯34度29分31秒 東経136度13分47秒;山系: 高見山地","関西百名山#近畿百名山","表形式"
"住塚山 (存在しないページ)","65 すみつかやま住塚山奈良県1,009.2地理院地図Googleマップ北緯34度30分35秒東経136度05分11秒﻿ / ﻿北緯34.509641度 東経136.086289度﻿ / 34.509641; 136.086289﻿ (住塚山)奈良百遊山近畿百名山","https://ja.wikipedia.org/w/index.php?title=住塚山&amp;action=edit&amp;redlink=1","","","関西百名山#近畿百名山","表形式"
"鎧岳 (存在しないページ)","66 よろいだけ・かぶとだけ鎧岳・兜岳奈良県893.6・920地理院地図Googleマップ北緯34度31分44秒東経136度07分49秒﻿ / ﻿北緯34.528758度 東経136.130260度﻿ / 34.528758; 136.130260﻿ (鎧岳・兜岳)奈良百遊山","https://ja.wikipedia.org/w/index.php?title=鎧岳&amp;action=edit&amp;redlink=1","","","関西百名山#近畿百名山","表形式"
"額井岳","67 ぬかいだけ額井岳奈良県821.3地理院地図Googleマップ北緯34度33分32秒東経135度58分08秒﻿ / ﻿北緯34.558852度 東経135.969020度﻿ / 34.558852; 135.969020﻿ (額井岳)奈良百遊山近畿百名山大和富士","https://ja.wikipedia.org/wiki/額井岳","北緯34度33分31.8秒東経135度58分08.4秒","標高: 812.3 m;所在地: 日本奈良県宇陀市・奈良市;位置: 北緯34度33分31.8秒東経135度58分08.4秒座標: 北緯34度33分31.8秒 東経135度58分08.4秒;山系: 室生山地","関西百名山#近畿百名山","表形式"
"音羽山 (奈良県) (存在しないページ)","68 画 像 募 集 中おとわやま音羽山奈良県851.3地理院地図Googleマップ北緯34度28分39秒東経135度53分14秒﻿ / ﻿北緯34.477460度 東経135.887121度﻿ / 34.477460; 135.887121﻿ (音羽山)奈良百遊山","https://ja.wikipedia.org/w/index.php?title=音羽山_(奈良県)&amp;action=edit&amp;redlink=1","","","関西百名山#近畿百名山","表形式"
"三輪山","69 みわさん三輪山奈良県466.8地理院地図Googleマップ北緯34度32分06秒東経135度52分01秒﻿ / ﻿北緯34.535033度 東経135.866812度﻿ / 34.535033; 135.866812﻿ (三輪山)奈良百遊山","https://ja.wikipedia.org/wiki/三輪山","北緯34度32分06秒東経135度52分01秒","標高: 467.1 m;所在地: 日本奈良県桜井市;位置: 北緯34度32分06秒東経135度52分01秒座標: 北緯34度32分06秒 東経135度52分01秒","関西百名山#近畿百名山","表形式"
"局ヶ岳","70 つぼねがたけ局ヶ岳三重県1,028.7地理院地図Googleマップ北緯34度27分38秒東経136度19分37秒﻿ / ﻿北緯34.460466度 東経136.327036度﻿ / 34.460466; 136.327036﻿ (局ヶ岳)東海の百山近畿百名山伊勢三山","https://ja.wikipedia.org/wiki/局ヶ岳","北緯34度27分38秒東経136度19分37秒","標高: 1,028.7 m;所在地: 日本三重県松阪市;位置: .mw-parser-output .geo-default,.mw-parser-output .geo-dms,.mw-parser-output .geo-dec{display:inline}.mw-parser-output .geo-nondefault,.mw-parser-output .geo-multi-punct{display:none}.mw-parser-output .longitude,.mw-parser-output .latitude{white-space:nowrap}北緯34度27分38秒東経136度19分37秒﻿ / ﻿北緯34.46056度 東経136.32694度﻿ / 34.46056; 136.32694座標: 北緯34度27分38秒東経136度19分37秒﻿ / ﻿北緯34.46056度 東経136.32694度﻿ / 34.46056; 136.32694;山系: 高見山地","関西百名山#近畿百名山","表形式"
"高見山","71 たかみやま高見山三重県奈良県1,248.4地理院地図Googleマップ北緯34度25分43秒東経136度05分18秒﻿ / ﻿北緯34.428659度 東経136.088468度﻿ / 34.428659; 136.088468﻿ (高見山)日本三百名山東海の百山奈良百遊山近畿百名山","https://ja.wikipedia.org/wiki/高見山","北緯34度25分43秒東経136度05分19秒","標高: 1,248.4 m;所在地: 奈良県吉野郡東吉野村・三重県松阪市;位置: 北緯34度25分43秒東経136度05分19秒座標: 北緯34度25分43秒 東経136度05分19秒;山系: 高見山地・台高山脈","関西百名山#近畿百名山","表形式"
"三峰山 (三重県・奈良県)","72 みうねやま三峰山三重県奈良県1,235.2地理院地図Googleマップ北緯34度26分55秒東経136度12分23秒﻿ / ﻿北緯34.448712度 東経136.206263度﻿ / 34.448712; 136.206263﻿ (三峰山)日本三百名山東海の百山奈良百遊山近畿百名山一等三角点","https://ja.wikipedia.org/wiki/三峰山_(三重県・奈良県)","北緯34度26分55秒東経136度12分23秒","標高: 1,235.2 m;所在地: 三重県松阪市・津市奈良県御杖村;位置: 北緯34度26分55秒東経136度12分23秒座標: 北緯34度26分55秒 東経136度12分23秒;山系: 高見山地","関西百名山#近畿百名山","表形式"
"迷岳 (存在しないページ)","73 まよいだけ迷岳三重県1,309.1地理院地図Googleマップ北緯34度21分01秒東経136度12分27秒﻿ / ﻿北緯34.350139度 東経136.207558度﻿ / 34.350139; 136.207558﻿ (迷岳)近畿百名山","https://ja.wikipedia.org/w/index.php?title=迷岳&amp;action=edit&amp;redlink=1","","","関西百名山#近畿百名山","表形式"
"池木屋山 (存在しないページ)","74 画 像 募 集 中いけごややま池木屋山三重県奈良県1,395.9地理院地図Googleマップ北緯34度18分58秒東経136度07分46秒﻿ / ﻿北緯34.316079度 東経136.129450度﻿ / 34.316079; 136.129450﻿ (池木屋山)奈良百遊山近畿百名山","https://ja.wikipedia.org/w/index.php?title=池木屋山&amp;action=edit&amp;redlink=1","","","関西百名山#近畿百名山","表形式"
"明神岳 (三重県・奈良県)","75 みょうじんだけ明神岳奈良県三重県1,432地理院地図Googleマップ北緯34度21分39秒東経136度05分41秒﻿ / ﻿北緯34.360950度 東経136.094750度﻿ / 34.360950; 136.094750﻿ (明神岳)奈良百遊山明神平","https://ja.wikipedia.org/wiki/明神岳_(三重県・奈良県)","北緯34度21分39秒東経136度5分42秒","標高: 1,432[1]m;所在地: 奈良県川上村・三重県松阪市;位置: .mw-parser-output .geo-default,.mw-parser-output .geo-dms,.mw-parser-output .geo-dec{display:inline}.mw-parser-output .geo-nondefault,.mw-parser-output .geo-multi-punct{display:none}.mw-parser-output .longitude,.mw-parser-output .latitude{white-space:nowrap}北緯34度21分39秒東経136度5分42秒﻿ / ﻿北緯34.36083度 東経136.09500度﻿ / 34.36083; 136.09500座標: 北緯34度21分39秒東経136度5分42秒﻿ / ﻿北緯34.36083度 東経136.09500度﻿ / 34.36083; 136.09500;山系: 台高山脈","関西百名山#近畿百名山","表形式"
"桧塚 (存在しないページ)","76 ひのきづか桧塚三重県1,402.1地理院地図Googleマップ北緯34度21分55秒東経136度07分02秒﻿ / ﻿北緯34.365404度 東経136.117163度﻿ / 34.365404; 136.117163﻿ (桧塚)桧塚奥峰","https://ja.wikipedia.org/w/index.php?title=桧塚&amp;action=edit&amp;redlink=1","","","関西百名山#近畿百名山","表形式"
"大台ヶ原山","77 おおだいがはらやま大台ヶ原山奈良県三重県1,695.1地理院地図Googleマップ北緯34度11分07秒東経136度06分33秒﻿ / ﻿北緯34.185227度 東経136.109199度﻿ / 34.185227; 136.109199﻿ (大台ヶ原山)日本百名山花の百名山新日本百名山新・花の百名山一等三角点百名山東海の百山奈良百遊山近畿百名山日出ヶ岳三重県最高峰一等三角点","https://ja.wikipedia.org/wiki/大台ヶ原山","北緯34度11分7秒東経136度6分33秒","標高: 1,695.1 m;所在地: 奈良県吉野郡上北山村、川上村、三重県多気郡大台町;位置: .mw-parser-output .geo-default,.mw-parser-output .geo-dms,.mw-parser-output .geo-dec{display:inline}.mw-parser-output .geo-nondefault,.mw-parser-output .geo-multi-punct{display:none}.mw-parser-output .longitude,.mw-parser-output .latitude{white-space:nowrap}北緯34度11分7秒東経136度6分33秒﻿ / ﻿北緯34.18528度 東経136.10917度﻿ / 34.18528; 136.10917座標: 北緯34度11分7秒東経136度6分33秒﻿ / ﻿北緯34.18528度 東経136.10917度﻿ / 34.18528; 136.10917;山系: 台高山脈;種類: 隆起準平原","関西百名山#近畿百名山","表形式"
"吉野山","78 よしのやま吉野山奈良県858.0地理院地図Googleマップ北緯34度20分29秒東経135度53分17秒﻿ / ﻿北緯34.341406度 東経135.887930度﻿ / 34.341406; 135.887930﻿ (吉野山)奈良百遊山青根ヶ峰","https://ja.wikipedia.org/wiki/吉野山","","所在地: 日本奈良県吉野郡吉野町;山系: 紀伊山地（大峰山脈）","関西百名山#近畿百名山","表形式"
"山上ヶ岳","79 さんじょうがたけ山上ヶ岳奈良県1,719.3地理院地図Googleマップ北緯34度15分09秒東経135度56分28秒﻿ / ﻿北緯34.252390度 東経135.941058度﻿ / 34.252390; 135.941058﻿ (山上ヶ岳)日本三百名山一等三角点百名山金峰山大峯山寺","https://ja.wikipedia.org/wiki/山上ヶ岳","","","関西百名山#近畿百名山","表形式"
"稲村ヶ岳","80 いなむらがたけ稲村ヶ岳奈良県1,726.1地理院地図Googleマップ北緯34度14分15秒東経135度55分25秒﻿ / ﻿北緯34.237625度 東経135.923634度﻿ / 34.237625; 135.923634﻿ (稲村ヶ岳)奈良百遊山近畿百名山","https://ja.wikipedia.org/wiki/稲村ヶ岳","北緯34度14分15秒東経135度55分25秒","標高: 1,726.1 m;所在地: 奈良県吉野郡天川村洞川;位置: .mw-parser-output .geo-default,.mw-parser-output .geo-dms,.mw-parser-output .geo-dec{display:inline}.mw-parser-output .geo-nondefault,.mw-parser-output .geo-multi-punct{display:none}.mw-parser-output .longitude,.mw-parser-output .latitude{white-space:nowrap}北緯34度14分15秒東経135度55分25秒﻿ / ﻿北緯34.23750度 東経135.92361度﻿ / 34.23750; 135.92361座標: 北緯34度14分15秒東経135度55分25秒﻿ / ﻿北緯34.23750度 東経135.92361度﻿ / 34.23750; 135.92361;山系: 紀伊山地;画像: 周辺の山[8]画像名称標高(m)方角と距離(km) 山上ヶ岳1,719.1 北東 2.5 大天井ヶ岳1,439 北 7 観音峯1,347 西北西 5 バリゴヤノ頭1,580 南 1.5 大普賢岳1,780 東 5","関西百名山#近畿百名山","表形式"
"大普賢岳","81 だいふげんだけ大普賢岳奈良県1,780.1地理院地図Googleマップ北緯34度13分40秒東経135度57分46秒﻿ / ﻿北緯34.227853度 東経135.962800度﻿ / 34.227853; 135.962800﻿ (大普賢岳)奈良百遊山近畿百名山","https://ja.wikipedia.org/wiki/大普賢岳","北緯34度13分40秒東経135度57分46秒","標高: 1,780 m;所在地: 日本奈良県吉野郡;位置: 北緯34度13分40秒東経135度57分46秒座標: 北緯34度13分40秒 東経135度57分46秒;山系: 大峰山脈","関西百名山#近畿百名山","表形式"
"八経ヶ岳","82 はっきょうがたけ八経ヶ岳奈良県1,915.1地理院地図Googleマップ北緯34度10分25秒東経135度54分27秒﻿ / ﻿北緯34.173586度 東経135.907550度﻿ / 34.173586; 135.907550﻿ (八経ヶ岳)日本百名山（大峰山脈全体を指す）奈良百遊山近畿百名山八剣山仏経ヶ岳奈良県最高峰近畿最高峰","https://ja.wikipedia.org/wiki/八経ヶ岳","北緯34度10分25秒東経135度54分27秒","標高: 1,915 m;所在地: 日本奈良県吉野郡天川村・上北山村;位置: 北緯34度10分25秒東経135度54分27秒座標: 北緯34度10分25秒 東経135度54分27秒;山系: 紀伊山地","関西百名山#近畿百名山","表形式"
"釈迦ヶ岳 (奈良県)","83 しゃかがたけ釈迦ヶ岳奈良県1,799.6地理院地図Googleマップ北緯34度06分52秒東経135度54分11秒﻿ / ﻿北緯34.114325度 東経135.903111度﻿ / 34.114325; 135.903111﻿ (釈迦ヶ岳)日本二百名山新日本百名山一等三角点百名山奈良百遊山近畿百名山一等三角点","https://ja.wikipedia.org/wiki/釈迦ヶ岳_(奈良県)","北緯34度06分52秒東経135度54分11秒","標高: 1,800 m;所在地: 奈良県吉野郡十津川村、下北山村;位置: 北緯34度06分52秒東経135度54分11秒;山系: 大峰山系","関西百名山#近畿百名山","表形式"
"行者還岳","84 ぎょうじゃがえりだけ行者還岳奈良県1,546.5地理院地図Googleマップ北緯34度12分17秒東経135度56分41秒﻿ / ﻿北緯34.204678度 東経135.944820度﻿ / 34.204678; 135.944820﻿ (行者還岳)奈良百遊山","https://ja.wikipedia.org/wiki/行者還岳","北緯34度12分17秒東経135度56分41秒","標高: 1,546.2 m;所在地: 奈良県吉野郡天川村・上北山村;位置: 北緯34度12分17秒東経135度56分41秒;山系: 大峰山脈","関西百名山#近畿百名山","表形式"
"笠捨山 (存在しないページ)","85 かさすてやま笠捨山奈良県1,352.6地理院地図Googleマップ北緯33度58分58秒東経135度53分54秒﻿ / ﻿北緯33.982804度 東経135.898319度﻿ / 33.982804; 135.898319﻿ (笠捨山)奈良百遊山近畿百名山","https://ja.wikipedia.org/w/index.php?title=笠捨山&amp;action=edit&amp;redlink=1","","","関西百名山#近畿百名山","表形式"
"玉置山","86 画 像 募 集 中たまきさん玉置山奈良県1,076.8地理院地図Googleマップ北緯33度55分36秒東経135度49分54秒﻿ / ﻿北緯33.926584度 東経135.831617度﻿ / 33.926584; 135.831617﻿ (玉置山)奈良百遊山近畿百名山一等三角点","https://ja.wikipedia.org/wiki/玉置山","北緯33度55分36秒東経135度49分54秒","標高: 1,076.4 m;所在地: 日本奈良県吉野郡十津川村;位置: 北緯33度55分36秒東経135度49分54秒座標: 北緯33度55分36秒 東経135度49分54秒;山系: 大峰山系;丘陵帯: 100-500m;低山帯: 500-1000m;山地帯: 1000-1600m;神代杉（じんだいすぎ）: 8.4m;常立杉（とこたちすぎ）: 10m;磐余杉（いわれすぎ）: 8.75m;浦杉: 7.8m;大杉: 10.3m","関西百名山#近畿百名山","表形式"
"五大尊岳 (存在しないページ)","87 画 像 募 集 中ごだいそんだけ五大尊岳和歌山県825地理院地図Googleマップ北緯33度53分15秒東経135度48分12秒﻿ / ﻿北緯33.887581度 東経135.803444度﻿ / 33.887581; 135.803444﻿ (五大尊岳)","https://ja.wikipedia.org/w/index.php?title=五大尊岳&amp;action=edit&amp;redlink=1","","","関西百名山#近畿百名山","表形式"
"龍門山","88 りゅうもんざん龍門山和歌山県755.9地理院地図Googleマップ北緯34度14分17秒東経135度24分41秒﻿ / ﻿北緯34.238005度 東経135.411366度﻿ / 34.238005; 135.411366﻿ (龍門山)近畿百名山紀州富士","https://ja.wikipedia.org/wiki/龍門山","北緯34度14分16.8秒東経135度24分40.8秒","標高: 755.9 m;所在地: 日本和歌山県紀の川市;位置: 北緯34度14分16.8秒東経135度24分40.8秒座標: 北緯34度14分16.8秒 東経135度24分40.8秒;山系: 龍門山脈","関西百名山#近畿百名山","表形式"
"楊柳山","89 ようりゅうざん楊柳山和歌山県1,008.6地理院地図Googleマップ北緯34度14分08秒東経135度36分24秒﻿ / ﻿北緯34.235435度 東経135.606753度﻿ / 34.235435; 135.606753﻿ (楊柳山)高野三山","https://ja.wikipedia.org/wiki/楊柳山","","インペリアル換算: インペリアル換算123456789101112  3.3 3824  3.8 4025  5.7 4730  5.4 5938  7 6747  10 7356  8.8 7965  6.8 8165  8.4 7459  6.2 6347  4.1 5337  2.9 4328気温（°F）総降水量（in）","関西百名山#近畿百名山","表形式"
"護摩壇山","90 ごまだんざん護摩壇山奈良県和歌山県1,372地理院地図Googleマップ北緯34度03分26秒東経135度34分02秒﻿ / ﻿北緯34.057358度 東経135.567092度﻿ / 34.057358; 135.567092﻿ (護摩壇山)日本三百名山奈良百遊山近畿百名山和歌山県最高峰は護摩壇山東方の龍神岳","https://ja.wikipedia.org/wiki/護摩壇山","北緯34度03分27秒東経135度34分01秒","標高: 1,372 m;所在地: 日本和歌山県田辺市龍神村奈良県吉野郡十津川村;位置: 北緯34度03分27秒東経135度34分01秒座標: 北緯34度03分27秒 東経135度34分01秒;山系: 護摩壇山山系","関西百名山#近畿百名山","表形式"
"伯母子岳","91 おばこだけ伯母子岳奈良県1,344地理院地図Googleマップ北緯34度04分39秒東経135度39分03秒﻿ / ﻿北緯34.077414度 東経135.650747度﻿ / 34.077414; 135.650747﻿ (伯母子岳)日本二百名山奈良百遊山近畿百名山","https://ja.wikipedia.org/wiki/伯母子岳","北緯34度04分39秒東経135度39分03秒","標高: 1,344 m;所在地: 奈良県野迫川村・十津川村;位置: 北緯34度04分39秒東経135度39分03秒;山系: 紀伊山地","関西百名山#近畿百名山","表形式"
"生石高原","92 画 像 募 集 中おいしがみね生石ヶ峰和歌山県870.1地理院地図Googleマップ北緯34度06分18秒東経135度20分03秒﻿ / ﻿北緯34.105074度 東経135.334158度﻿ / 34.105074; 135.334158﻿ (生石ヶ峰)近畿百名山一等三角点","https://ja.wikipedia.org/wiki/生石高原","北緯34度06分18秒東経135度20分03秒","標高: 870,0 m;所在地:  日本和歌山県有田郡有田川町・海草郡紀美野町;位置: .mw-parser-output .geo-default,.mw-parser-output .geo-dms,.mw-parser-output .geo-dec{display:inline}.mw-parser-output .geo-nondefault,.mw-parser-output .geo-multi-punct{display:none}.mw-parser-output .longitude,.mw-parser-output .latitude{white-space:nowrap}北緯34度06分18秒東経135度20分03秒﻿ / ﻿北緯34.10500度 東経135.33417度﻿ / 34.10500; 135.33417;山系: 長峰山脈･生石高原","関西百名山#近畿百名山","表形式"
"矢筈岳 (和歌山県) (存在しないページ)","93 画 像 募 集 中やはずだけ矢筈岳和歌山県811.1地理院地図Googleマップ北緯33度55分57秒東経135度21分20秒﻿ / ﻿北緯33.932512度 東経135.355465度﻿ / 33.932512; 135.355465﻿ (矢筈岳)","https://ja.wikipedia.org/w/index.php?title=矢筈岳_(和歌山県)&amp;action=edit&amp;redlink=1","","","関西百名山#近畿百名山","表形式"
"法師山 (存在しないページ)","94 ほうしやま法師山和歌山県1,120.6地理院地図Googleマップ北緯33度43分33秒東経135度39分55秒﻿ / ﻿北緯33.725942度 東経135.665343度﻿ / 33.725942; 135.665343﻿ (法師山)近畿百名山一等三角点","https://ja.wikipedia.org/w/index.php?title=法師山&amp;action=edit&amp;redlink=1","","","関西百名山#近畿百名山","表形式"
"半作嶺 (存在しないページ)","95 画 像 募 集 中はんされい半作嶺和歌山県893.5地理院地図Googleマップ北緯33度43分40秒東経135度35分50秒﻿ / ﻿北緯33.727708度 東経135.597250度﻿ / 33.727708; 135.597250﻿ (半作嶺)","https://ja.wikipedia.org/w/index.php?title=半作嶺&amp;action=edit&amp;redlink=1","","","関西百名山#近畿百名山","表形式"
"嶽ノ森山 (存在しないページ)","96 画 像 募 集 中だけのもりやま嶽ノ森山和歌山県376地理院地図Googleマップ北緯33度32分43秒東経135度42分47秒﻿ / ﻿北緯33.545197度 東経135.713028度﻿ / 33.545197; 135.713028﻿ (嶽ノ森山)","https://ja.wikipedia.org/w/index.php?title=嶽ノ森山&amp;action=edit&amp;redlink=1","","","関西百名山#近畿百名山","表形式"
"大塔山","97 画 像 募 集 中おおとうさん大塔山和歌山県1,121.8地理院地図Googleマップ北緯33度43分37秒東経135度42分50秒﻿ / ﻿北緯33.726858度 東経135.713839度﻿ / 33.726858; 135.713839﻿ (大塔山)近畿百名山","https://ja.wikipedia.org/wiki/大塔山","北緯33度43分36.7秒東経135度42分49.7秒","標高: 1122 m;所在地: 和歌山県東牟婁郡古座川町／田辺市;位置: .mw-parser-output .geo-default,.mw-parser-output .geo-dms,.mw-parser-output .geo-dec{display:inline}.mw-parser-output .geo-nondefault,.mw-parser-output .geo-multi-punct{display:none}.mw-parser-output .longitude,.mw-parser-output .latitude{white-space:nowrap}北緯33度43分36.7秒東経135度42分49.7秒﻿ / ﻿北緯33.726861度 東経135.713806度﻿ / 33.726861; 135.713806座標: 北緯33度43分36.7秒東経135度42分49.7秒﻿ / ﻿北緯33.726861度 東経135.713806度﻿ / 33.726861; 135.713806;山系: 紀伊山地","関西百名山#近畿百名山","表形式"
"冷水山 (奈良県) (存在しないページ)","98 画 像 募 集 中ひやみずやま冷水山奈良県1,262.3地理院地図Googleマップ北緯33度53分57秒東経135度39分10秒﻿ / ﻿北緯33.899102度 東経135.652818度﻿ / 33.899102; 135.652818﻿ (冷水山)新・花の百名山一等三角点百名山奈良百遊山近畿百名山一等三角点","https://ja.wikipedia.org/w/index.php?title=冷水山_(奈良県)&amp;action=edit&amp;redlink=1","","","関西百名山#近畿百名山","表形式"
"子ノ泊山 (存在しないページ)","99 ねのとまりやま子ノ泊山三重県907.2地理院地図Googleマップ北緯33度47分40秒東経135度55分50秒﻿ / ﻿北緯33.794579度 東経135.930460度﻿ / 33.794579; 135.930460﻿ (子ノ泊山)東海の百山近畿百名山一等三角点","https://ja.wikipedia.org/w/index.php?title=子ノ泊山&amp;action=edit&amp;redlink=1","","","関西百名山#近畿百名山","表形式"
"烏帽子山 (和歌山県) (存在しないページ)","100 画 像 募 集 中えぼしやま烏帽子山和歌山県909.6地理院地図Googleマップ北緯33度41分46秒東経135度54分03秒﻿ / ﻿北緯33.696115度 東経135.900842度﻿ / 33.696115; 135.900842﻿ (烏帽子山)新日本百名山近畿百名山那智山一等三角点","https://ja.wikipedia.org/w/index.php?title=烏帽子山_(和歌山県)&amp;action=edit&amp;redlink=1","","","関西百名山#近畿百名山","表形式"
"七七頭ヶ岳 (存在しないページ)","七七頭ヶ岳賎ヶ岳赤坂山蓬莱山太神山三上山八ヶ峰雲取山棧敷ヶ岳妙見山弥仙山由良ヶ岳依遅ヶ尾山鉢伏山蘇武岳七種山高御位山帝釈山摩耶山横尾山鎧岳・兜岳音羽山三輪山明神岳桧塚吉野山行者還岳五大尊岳楊柳山矢筈岳半作嶺嶽ノ森山","https://ja.wikipedia.org/w/index.php?title=七七頭ヶ岳&amp;action=edit&amp;redlink=1","","","関西百名山#近畿百名山","表形式"
"オープンストリートマップ","全ての座標を示した地図- OSM","https://ja.wikipedia.org/wiki/オープンストリートマップ","","タイプ: 無料地図の共同作成プロジェクト;分野: 地図;使用言語: 地名は現地語;閲覧: 無料;登録: 利用するだけなら登録不要編集するなら要登録;ライセンス: ODbL1.0;運営元: OSM財団;設立: 2004年7月 (16年前) (2004-07);設立者: スティーブ・コースト","関西百名山#近畿百名山","表形式"
"KML","全座標を出力- KML","https://ja.wikipedia.org/wiki/KML","","","関西百名山#近畿百名山","表形式"
"Template:座標一覧","表示","https://ja.wikipedia.org/wiki/Template:座標一覧","","表話編歴ウィキプロジェクト 地理座標(PJ:GEO): 表話編歴ウィキプロジェクト 地理座標(PJ:GEO)&#160;座標関連のテンプレートウィキ座標系&#123;&#123;ウィキ座標2段度分秒&#125;&#125;&#123;&#123;ウィキ座標度分秒&#125;&#125;Coord系&#123;&#123;Coord&#125;&#125;&#123;&#123;Infobox coord&#125;&#125;&#123;&#123;WikidataCoord&#125;&#125;その他&#123;&#123;Location map&#125;&#125;&#123;&#123;座標一覧&#125;&#125;&#123;&#123;座標分布&#125;&#125;&#123;&#123;地図外部リンク&#125;&#125;解説&#123;&#123;Coord how-to&#125;&#125;緯度・経度の調べ方地図サイト一覧測地系変換/doc言語版別 座標数ランキング&#160;利用可能な地図・地形画像白地図Category:Japan mapCategory:World map地形図Category:Topographic maps of Japan県別国別国土画像情報Category:国土画像情報オープンストリートマップCategory:OSM地図NASA World WindWorld WindGMTCategory:GFDL-GMT&#160;関連プロジェクトプロジェクト:地理座標プロジェクト:地形プロジェクト:地図Wikipedia:GEO（英語版プロジェクト）Wikipedia:GEO（ドイツ語版プロジェクト）COM:GEO（コモンズ・プロジェクト）MediaWiki:GeoHack.js（オープン・ストリート・マップ表示取り込み）表示例インタラクティブ地図 WikiMiniAtlasGeoHack（ジオハック）読み込み用ローカルテンプレート：Template:GeoTemplate/解説&#160;参考情報地理座標系緯度緯線赤道北極点南極点経度子午線グリニッジ子午線対蹠地測地系世界測地系WGS84（ウィキペディアで使用されている）日本測地系測地系変換/doc地図測量縮尺日本の地図記号の一覧地形図白地図住宅地図道路地図海図衛星写真航空写真投影法正距円筒図法（ウィキペディア上の地図の多くで使用されている）地図投影法の一覧Category:地図の図法地理情報システム(GIS)ジオコーディングディジタルマッピングGPSハンドヘルドGPSGPSレシーバーカーナビゲーション;表話編歴ウィキプロジェクト 地理座標(PJ:GEO): 表話編歴ウィキプロジェクト 地理座標(PJ:GEO)&#160;座標関連のテンプレートウィキ座標系&#123;&#123;ウィキ座標2段度分秒&#125;&#125;&#123;&#123;ウィキ座標度分秒&#125;&#125;Coord系&#123;&#123;Coord&#125;&#125;&#123;&#123;Infobox coord&#125;&#125;&#123;&#123;WikidataCoord&#125;&#125;その他&#123;&#123;Location map&#125;&#125;&#123;&#123;座標一覧&#125;&#125;&#123;&#123;座標分布&#125;&#125;&#123;&#123;地図外部リンク&#125;&#125;解説&#123;&#123;Coord how-to&#125;&#125;緯度・経度の調べ方地図サイト一覧測地系変換/doc言語版別 座標数ランキング&#160;利用可能な地図・地形画像白地図Category:Japan mapCategory:World map地形図Category:Topographic maps of Japan県別国別国土画像情報Category:国土画像情報オープンストリートマップCategory:OSM地図NASA World WindWorld WindGMTCategory:GFDL-GMT&#160;関連プロジェクトプロジェクト:地理座標プロジェクト:地形プロジェクト:地図Wikipedia:GEO（英語版プロジェクト）Wikipedia:GEO（ドイツ語版プロジェクト）COM:GEO（コモンズ・プロジェクト）MediaWiki:GeoHack.js（オープン・ストリート・マップ表示取り込み）表示例インタラクティブ地図 WikiMiniAtlasGeoHack（ジオハック）読み込み用ローカルテンプレート：Template:GeoTemplate/解説&#160;参考情報地理座標系緯度緯線赤道北極点南極点経度子午線グリニッジ子午線対蹠地測地系世界測地系WGS84（ウィキペディアで使用されている）日本測地系測地系変換/doc地図測量縮尺日本の地図記号の一覧地形図白地図住宅地図道路地図海図衛星写真航空写真投影法正距円筒図法（ウィキペディア上の地図の多くで使用されている）地図投影法の一覧Category:地図の図法地理情報システム(GIS)ジオコーディングディジタルマッピングGPSハンドヘルドGPSGPSレシーバーカーナビゲーション;表話編歴ウィキプロジェクト 地理座標(PJ:GEO): 表話編歴ウィキプロジェクト 地理座標(PJ:GEO)&#160;座標関連のテンプレートウィキ座標系&#123;&#123;ウィキ座標2段度分秒&#125;&#125;&#123;&#123;ウィキ座標度分秒&#125;&#125;Coord系&#123;&#123;Coord&#125;&#125;&#123;&#123;Infobox coord&#125;&#125;&#123;&#123;WikidataCoord&#125;&#125;その他&#123;&#123;Location map&#125;&#125;&#123;&#123;座標一覧&#125;&#125;&#123;&#123;座標分布&#125;&#125;&#123;&#123;地図外部リンク&#125;&#125;解説&#123;&#123;Coord how-to&#125;&#125;緯度・経度の調べ方地図サイト一覧測地系変換/doc言語版別 座標数ランキング&#160;利用可能な地図・地形画像白地図Category:Japan mapCategory:World map地形図Category:Topographic maps of Japan県別国別国土画像情報Category:国土画像情報オープンストリートマップCategory:OSM地図NASA World WindWorld WindGMTCategory:GFDL-GMT&#160;関連プロジェクトプロジェクト:地理座標プロジェクト:地形プロジェクト:地図Wikipedia:GEO（英語版プロジェクト）Wikipedia:GEO（ドイツ語版プロジェクト）COM:GEO（コモンズ・プロジェクト）MediaWiki:GeoHack.js（オープン・ストリート・マップ表示取り込み）表示例インタラクティブ地図 WikiMiniAtlasGeoHack（ジオハック）読み込み用ローカルテンプレート：Template:GeoTemplate/解説&#160;参考情報地理座標系緯度緯線赤道北極点南極点経度子午線グリニッジ子午線対蹠地測地系世界測地系WGS84（ウィキペディアで使用されている）日本測地系測地系変換/doc地図測量縮尺日本の地図記号の一覧地形図白地図住宅地図道路地図海図衛星写真航空写真投影法正距円筒図法（ウィキペディア上の地図の多くで使用されている）地図投影法の一覧Category:地図の図法地理情報システム(GIS)ジオコーディングディジタルマッピングGPSハンドヘルドGPSGPSレシーバーカーナビゲーション","関西百名山#近畿百名山","表形式"
"三国岳 (滋賀県・福井県・岐阜県) (存在しないページ)","1 みくにだけ三国岳滋賀県岐阜県福井県1,209地理院地図Googleマップ北緯35度39分31秒東経136度16分52秒﻿ / ﻿北緯35.658678度 東経136.281023度﻿ / 35.658678; 136.281023﻿ (三国岳)","https://ja.wikipedia.org/w/index.php?title=三国岳_(滋賀県・福井県・岐阜県)&amp;action=edit&amp;redlink=1","","","関西百名山#近畿百名山","表形式"
"西方ヶ岳","2 さいほうがたけ西方ヶ岳福井県763.8地理院地図Googleマップ北緯35度42分36秒東経136度00分37秒﻿ / ﻿北緯35.709919度 東経136.010238度﻿ / 35.709919; 136.010238﻿ (西方ヶ岳)敦賀半島","https://ja.wikipedia.org/wiki/西方ヶ岳","北緯35度42分36秒東経136度00分37秒","標高: 764.1 m;所在地: 日本福井県敦賀市・三方郡美浜町;位置: 北緯35度42分36秒東経136度00分37秒座標: 北緯35度42分36秒 東経136度00分37秒;山系: 野坂山地","関西百名山#近畿百名山","表形式"
"三重嶽","3 画 像 募 集 中さんじょうがだけ三重嶽滋賀県973.9地理院地図Googleマップ北緯35度28分56秒東経135度57分21秒﻿ / ﻿北緯35.482151度 東経135.955950度﻿ / 35.482151; 135.955950﻿ (三重嶽)高島トレイル","https://ja.wikipedia.org/wiki/三重嶽","北緯35度28分55.6秒東経135度57分21.3秒","標高: 974.1 m;所在地: 日本滋賀県高島市;位置: 北緯35度28分55.6秒東経135度57分21.3秒座標: 北緯35度28分55.6秒 東経135度57分21.3秒;山系: 野坂山地","関西百名山#近畿百名山","表形式"
"養老山 (岐阜県)","4 ようろうさん養老山岐阜県858.9地理院地図Googleマップ北緯35度15分47秒東経136度31分24秒﻿ / ﻿北緯35.263137度 東経136.523334度﻿ / 35.263137; 136.523334﻿ (養老山)東海の百山一等三角点","https://ja.wikipedia.org/wiki/養老山_(岐阜県)","北緯35度15分47秒東経136度31分24秒","標高: 859.31[1]m;所在地: 日本岐阜県養老郡養老町大垣市;位置: .mw-parser-output .geo-default,.mw-parser-output .geo-dms,.mw-parser-output .geo-dec{display:inline}.mw-parser-output .geo-nondefault,.mw-parser-output .geo-multi-punct{display:none}.mw-parser-output .longitude,.mw-parser-output .latitude{white-space:nowrap}北緯35度15分47秒東経136度31分24秒﻿ / ﻿北緯35.26306度 東経136.52333度﻿ / 35.26306; 136.52333[2];山系: 養老山地;種類: 堆積岩（石灰岩）","関西百名山#近畿百名山","表形式"
"烏帽子岳 (鈴鹿山脈)","5 えぼしだけ烏帽子岳三重県岐阜県864.8地理院地図Googleマップ北緯35度13分41秒東経136度26分04秒﻿ / ﻿北緯35.228071度 東経136.434360度﻿ / 35.228071; 136.434360﻿ (烏帽子岳)鈴鹿山脈","https://ja.wikipedia.org/wiki/烏帽子岳_(鈴鹿山脈)","北緯35度13分41秒東経136度26分04秒","標高: 864.73[1]m;所在地: 日本岐阜県大垣市三重県いなべ市藤原町篠立;位置: 北緯35度13分41秒東経136度26分04秒座標: 北緯35度13分41秒 東経136度26分04秒[1];山系: 鈴鹿山脈;種類: 堆積岩（石灰岩）[2]","関西百名山#近畿百名山","表形式"
"竜ヶ岳 (三重県・滋賀県)","6 りゅうがたけ竜ヶ岳三重県滋賀県1,099.3地理院地図Googleマップ北緯35度07分10秒東経136度26分43秒﻿ / ﻿北緯35.119334度 東経136.445185度﻿ / 35.119334; 136.445185﻿ (竜ヶ岳)東海の百山鈴鹿セブンマウンテン鈴鹿山脈","https://ja.wikipedia.org/wiki/竜ヶ岳_(三重県・滋賀県)","北緯35度07分10秒東経136度26分43秒","標高: 1,099.26[1]m;所在地: 三重県いなべ市滋賀県東近江市;位置: 北緯35度07分10秒東経136度26分43秒[2];山系: 鈴鹿山脈;種類: 隆起（花崗岩と石灰岩）","関西百名山#近畿百名山","表形式"
"釈迦ヶ岳 (鈴鹿)","7 しゃかがたけ釈迦ヶ岳三重県滋賀県1,091.9地理院地図Googleマップ北緯35度03分57秒東経136度26分29秒﻿ / ﻿北緯35.065714度 東経136.441462度﻿ / 35.065714; 136.441462﻿ (釈迦ヶ岳)東海の百山鈴鹿セブンマウンテン鈴鹿山脈","https://ja.wikipedia.org/wiki/釈迦ヶ岳_(鈴鹿)","北緯35度03分56秒東経136度26分29秒","標高: 1091.89[1]m;所在地: 日本（滋賀県・三重県）滋賀県東近江市三重県三重郡菰野町;位置: .mw-parser-output .geo-default,.mw-parser-output .geo-dms,.mw-parser-output .geo-dec{display:inline}.mw-parser-output .geo-nondefault,.mw-parser-output .geo-multi-punct{display:none}.mw-parser-output .longitude,.mw-parser-output .latitude{white-space:nowrap}北緯35度03分56秒東経136度26分29秒﻿ / ﻿北緯35.06556度 東経136.44139度﻿ / 35.06556; 136.44139;山系: 鈴鹿山脈;種類: 隆起（花崗岩）","関西百名山#近畿百名山","表形式"
"雨乞岳 (滋賀県)","8 あまごいだけ雨乞岳滋賀県1,237.7地理院地図Googleマップ北緯35度01分16秒東経136度23分03秒﻿ / ﻿北緯35.021083度 東経136.384116度﻿ / 35.021083; 136.384116﻿ (雨乞岳)東海の百山鈴鹿セブンマウンテン鈴鹿山脈","https://ja.wikipedia.org/wiki/雨乞岳_(滋賀県)","北緯35度01分16秒東経136度23分03秒","標高: 1,237.67[1]m;所在地: 日本滋賀県東近江市、甲賀市;位置: 北緯35度01分16秒東経136度23分03秒[2];山系: 鈴鹿山脈;種類: 隆起","関西百名山#近畿百名山","表形式"
"入道ヶ岳","9 にゅうどうがたけ入道ヶ岳三重県905.6地理院地図Googleマップ北緯34度58分26秒東経136度26分02秒﻿ / ﻿北緯34.973878度 東経136.433845度﻿ / 34.973878; 136.433845﻿ (入道ヶ岳)東海の百山鈴鹿セブンマウンテン鈴鹿山脈","https://ja.wikipedia.org/wiki/入道ヶ岳","北緯34度58分26秒東経136度26分02秒","標高: 905.58[1]m;所在地: 日本三重県鈴鹿市;位置: 北緯34度58分26秒東経136度26分02秒座標: 北緯34度58分26秒 東経136度26分02秒[1];山系: 鈴鹿山脈","関西百名山#近畿百名山","表形式"
"仙ヶ岳 (存在しないページ)","10 せんがたけ仙ヶ岳三重県滋賀県961地理院地図Googleマップ北緯34度57分07秒東経136度23分43秒﻿ / ﻿北緯34.951862度 東経136.395403度﻿ / 34.951862; 136.395403﻿ (仙ヶ岳)東海の百山鈴鹿山脈","https://ja.wikipedia.org/w/index.php?title=仙ヶ岳&amp;action=edit&amp;redlink=1","","","関西百名山#近畿百名山","表形式"
"堀坂山","11 ほっさかさん堀坂山三重県757.2地理院地図Googleマップ北緯34度32分48秒東経136度25分58秒﻿ / ﻿北緯34.546549度 東経136.432890度﻿ / 34.546549; 136.432890﻿ (堀坂山)東海の百山伊勢三山","https://ja.wikipedia.org/wiki/堀坂山","北緯34度32分47.69秒東経136度25分58.13秒","標高: 757 m;所在地: 日本三重県松阪市;位置: 北緯34度32分47.69秒東経136度25分58.13秒座標: 北緯34度32分47.69秒 東経136度25分58.13秒;山系: 高見山地","関西百名山#近畿百名山","表形式"
"白猪山","12 しらいさん白猪山三重県819.4地理院地図Googleマップ北緯34度30分21秒東経136度24分27秒﻿ / ﻿北緯34.505856度 東経136.407521度﻿ / 34.505856; 136.407521﻿ (白猪山)伊勢三山","https://ja.wikipedia.org/wiki/白猪山","北緯34度30分21.2秒東経136度24分26.8秒","標高: 819.4 m;所在地: 日本三重県松阪市;位置: 北緯34度30分21.2秒東経136度24分26.8秒座標: 北緯34度30分21.2秒 東経136度24分26.8秒","関西百名山#近畿百名山","表形式"
"獅子ヶ岳 (存在しないページ)","13 ししがたけ獅子ヶ岳三重県733.1地理院地図Googleマップ北緯34度23分12秒東経136度33分10秒﻿ / ﻿北緯34.386544度 東経136.552656度﻿ / 34.386544; 136.552656﻿ (獅子ヶ岳)","https://ja.wikipedia.org/w/index.php?title=獅子ヶ岳&amp;action=edit&amp;redlink=1","","","関西百名山#近畿百名山","表形式"
"薊岳 (存在しないページ)","14 画 像 募 集 中あざみだけ薊岳奈良県1,406地理院地図Googleマップ北緯34度21分38秒東経136度04分08秒﻿ / ﻿北緯34.360642度 東経136.068803度﻿ / 34.360642; 136.068803﻿ (薊岳)奈良百遊山","https://ja.wikipedia.org/w/index.php?title=薊岳&amp;action=edit&amp;redlink=1","","","関西百名山#近畿百名山","表形式"
"古ヶ丸山 (存在しないページ)","15 画 像 募 集 中こがまるやま古ヶ丸山三重県1,210.9地理院地図Googleマップ北緯34度18分57秒東経136度11分54秒﻿ / ﻿北緯34.315718度 東経136.198196度﻿ / 34.315718; 136.198196﻿ (古ヶ丸山)","https://ja.wikipedia.org/w/index.php?title=古ヶ丸山&amp;action=edit&amp;redlink=1","","","関西百名山#近畿百名山","表形式"
"仙千代ヶ峰 (存在しないページ)","16 画 像 募 集 中せんちよがみね仙千代ヶ峰三重県1,099.6地理院地図Googleマップ北緯34度14分46秒東経136度13分04秒﻿ / ﻿北緯34.246109度 東経136.217659度﻿ / 34.246109; 136.217659﻿ (仙千代ヶ峰)","https://ja.wikipedia.org/w/index.php?title=仙千代ヶ峰&amp;action=edit&amp;redlink=1","","","関西百名山#近畿百名山","表形式"
"白鬚岳 (存在しないページ)","17 画 像 募 集 中しらひげだけ白鬚岳奈良県1,378.2地理院地図Googleマップ北緯34度17分35秒東経136度02分49秒﻿ / ﻿北緯34.292932度 東経136.046963度﻿ / 34.292932; 136.046963﻿ (白鬚岳)奈良百遊山","https://ja.wikipedia.org/w/index.php?title=白鬚岳&amp;action=edit&amp;redlink=1","","","関西百名山#近畿百名山","表形式"
"高峰山 (三重県)","18 たかみねさん高峰山三重県1,045.0地理院地図Googleマップ北緯34度01分55秒東経136度08分50秒﻿ / ﻿北緯34.032012度 東経136.147213度﻿ / 34.032012; 136.147213﻿ (高峰山)一等三角点百名山一等三角点","https://ja.wikipedia.org/wiki/高峰山_(三重県)","北緯34度01分55秒東経136度08分50秒","標高: 1,045.03[1]m;所在地: 日本三重県尾鷲市;位置: 北緯34度01分55秒東経136度08分50秒座標: 北緯34度01分55秒 東経136度08分50秒[2];山系: 台高山脈","関西百名山#近畿百名山","表形式"
"竜門岳","19 りゅうもんだけ竜門岳奈良県904.1地理院地図Googleマップ北緯34度26分26秒東経135度53分52秒﻿ / ﻿北緯34.440650度 東経135.897692度﻿ / 34.440650; 135.897692﻿ (竜門岳)日本三百名山奈良百遊山一等三角点","https://ja.wikipedia.org/wiki/竜門岳","北緯34度26分26秒東経135度53分52秒","標高: 904.1 m;所在地: 奈良県吉野町;位置: 北緯34度26分26秒東経135度53分52秒;山系: 竜門山地","関西百名山#近畿百名山","表形式"
"中八人山 (存在しないページ)","20 なかはちにんやま中八人山奈良県1,396.9地理院地図Googleマップ北緯34度02分06秒東経135度51分33秒﻿ / ﻿北緯34.034902度 東経135.859187度﻿ / 34.034902; 135.859187﻿ (中八人山)","https://ja.wikipedia.org/w/index.php?title=中八人山&amp;action=edit&amp;redlink=1","","","関西百名山#近畿百名山","表形式"
"牛廻山 (存在しないページ)","21 うしまわしやま牛廻山和歌山県奈良県1,206.9地理院地図Googleマップ北緯33度56分56秒東経135度37分53秒﻿ / ﻿北緯33.949025度 東経135.631274度﻿ / 33.949025; 135.631274﻿ (牛廻山)奈良百遊山","https://ja.wikipedia.org/w/index.php?title=牛廻山&amp;action=edit&amp;redlink=1","","","関西百名山#近畿百名山","表形式"
"清冷山 (和歌山県) (存在しないページ)","22 画 像 募 集 中せいれいさん清冷山和歌山県878.2地理院地図Googleマップ北緯33度56分10秒東経135度23分36秒﻿ / ﻿北緯33.936226度 東経135.393212度﻿ / 33.936226; 135.393212﻿ (清冷山)","https://ja.wikipedia.org/w/index.php?title=清冷山_(和歌山県)&amp;action=edit&amp;redlink=1","","","関西百名山#近畿百名山","表形式"
"白馬山 (存在しないページ)","23 画 像 募 集 中しらまやま白馬山和歌山県957.4地理院地図Googleマップ北緯34度00分57秒東経135度22分20秒﻿ / ﻿北緯34.015819度 東経135.372248度﻿ / 34.015819; 135.372248﻿ (白馬山)","https://ja.wikipedia.org/w/index.php?title=白馬山&amp;action=edit&amp;redlink=1","","","関西百名山#近畿百名山","表形式"
"鷲峰山 (京都府) (存在しないページ)","24 画 像 募 集 中じゅぶせん鷲峰山京都府682地理院地図Googleマップ北緯34度49分50秒東経135度54分31秒﻿ / ﻿北緯34.830489度 東経135.908539度﻿ / 34.830489; 135.908539﻿ (鷲峰山)","https://ja.wikipedia.org/w/index.php?title=鷲峰山_(京都府)&amp;action=edit&amp;redlink=1","","","関西百名山#近畿百名山","表形式"
"峰床山 (存在しないページ)","25 画 像 募 集 中みねとこやま峰床山京都府969.9地理院地図Googleマップ北緯35度14分15秒東経135度49分25秒﻿ / ﻿北緯35.237448度 東経135.823739度﻿ / 35.237448; 135.823739﻿ (峰床山)八丁平","https://ja.wikipedia.org/w/index.php?title=峰床山&amp;action=edit&amp;redlink=1","","","関西百名山#近畿百名山","表形式"
"太鼓山","26 たいこやま太鼓山京都府683.2地理院地図Googleマップ北緯35度41分43秒東経135度12分15秒﻿ / ﻿北緯35.695247度 東経135.204223度﻿ / 35.695247; 135.204223﻿ (太鼓山)一等三角点","https://ja.wikipedia.org/wiki/太鼓山","北緯35度41分42.9秒東経135度12分15.7秒","標高: 683 m;所在地: 日本京都府京丹後市、与謝郡伊根町;位置: .mw-parser-output .geo-default,.mw-parser-output .geo-dms,.mw-parser-output .geo-dec{display:inline}.mw-parser-output .geo-nondefault,.mw-parser-output .geo-multi-punct{display:none}.mw-parser-output .longitude,.mw-parser-output .latitude{white-space:nowrap}北緯35度41分42.9秒東経135度12分15.7秒﻿ / ﻿北緯35.695250度 東経135.204361度﻿ / 35.695250; 135.204361座標: 北緯35度41分42.9秒東経135度12分15.7秒﻿ / ﻿北緯35.695250度 東経135.204361度﻿ / 35.695250; 135.204361","関西百名山#近畿百名山","表形式"
"磯砂山","27 いさなごさん磯砂山京都府660.9地理院地図Googleマップ北緯35度32分55秒東経135度02分17秒﻿ / ﻿北緯35.548547度 東経135.038098度﻿ / 35.548547; 135.038098﻿ (磯砂山)一等三角点","https://ja.wikipedia.org/wiki/磯砂山","北緯35度32分54秒東経135度02分18秒","標高: 661 m;所在地: 京都府京丹後市峰山町、京丹後市大宮町;位置: 北緯35度32分54秒東経135度02分18秒座標: 北緯35度32分54秒 東経135度02分18秒;山系: 丹後山地","関西百名山#近畿百名山","表形式"
"妙見山 (但馬) (存在しないページ)","28 みょうけんさん妙見山兵庫県1,139地理院地図Googleマップ北緯35度24分38秒東経134度38分38秒﻿ / ﻿北緯35.410594度 東経134.643846度﻿ / 35.410594; 134.643846﻿ (妙見山)ふるさと兵庫100山","https://ja.wikipedia.org/w/index.php?title=妙見山_(但馬)&amp;action=edit&amp;redlink=1","","","関西百名山#近畿百名山","表形式"
"三室山 (兵庫県・鳥取県)","29 みむろやま三室山兵庫県鳥取県1,358.0地理院地図Googleマップ北緯35度14分12秒東経134度27分46秒﻿ / ﻿北緯35.236712度 東経134.462829度﻿ / 35.236712; 134.462829﻿ (三室山)ふるさと兵庫100山宍粟50名山兵庫県の第二高峰","https://ja.wikipedia.org/wiki/三室山_(兵庫県・鳥取県)","北緯35度14分11.93秒東経134度27分46.16秒","標高: 1,358.0 m;所在地: 日本兵庫県宍粟市鳥取県八頭郡若桜町;位置: 北緯35度14分11.93秒東経134度27分46.16秒座標: 北緯35度14分11.93秒 東経134度27分46.16秒;山系: 中国山地;種類: 隆起準平原","関西百名山#近畿百名山","表形式"
"後山","30 うしろやま後山兵庫県岡山県1,344.4地理院地図Googleマップ北緯35度11分13秒東経134度24分40秒﻿ / ﻿北緯35.186817度 東経134.411244度﻿ / 35.186817; 134.411244﻿ (後山)中国百名山ふるさと兵庫100山宍粟50名山岡山県最高峰","https://ja.wikipedia.org/wiki/後山","北緯35度11分13秒東経134度24分40秒","標高: 1344.56 m;所在地: 兵庫県宍粟市・岡山県美作市;位置: 北緯35度11分13秒東経134度24分40秒座標: 北緯35度11分13秒 東経134度24分40秒;山系: 中国山地;種類: 隆起準平原","関西百名山#近畿百名山","表形式"
"藤無山 (存在しないページ)","31 ふじなしやま藤無山兵庫県1,139.4地理院地図Googleマップ北緯35度16分00秒東経134度36分02秒﻿ / ﻿北緯35.266685度 東経134.600512度﻿ / 35.266685; 134.600512﻿ (藤無山)ふるさと兵庫100山宍粟50名山","https://ja.wikipedia.org/w/index.php?title=藤無山&amp;action=edit&amp;redlink=1","","","関西百名山#近畿百名山","表形式"
"粟鹿山 (存在しないページ)","32 画 像 募 集 中あわがやま粟鹿山兵庫県962.3地理院地図Googleマップ北緯35度16分22秒東経134度54分56秒﻿ / ﻿北緯35.272764度 東経134.915435度﻿ / 35.272764; 134.915435﻿ (粟鹿山)ふるさと兵庫100山一等三角点","https://ja.wikipedia.org/w/index.php?title=粟鹿山&amp;action=edit&amp;redlink=1","","","関西百名山#近畿百名山","表形式"
